gameId,actionNumber,clock,period,teamId,teamTricode,personId,playerName,playerNameI,xLegacy,yLegacy,shotDistance,shotResult,isFieldGoal,scoreHome,scoreAway,pointsTotal,location,description,actionType,subType,videoAvailable,shotValue,actionId
0022500128,2,PT12M00.00S,1,0,,0,,,0,0,0,,0,0,0,0,,Start of 1st Period (7:13 PM EST),period,start,1,0,1
0022500128,4,PT12M00.00S,1,1610612738,BOS,1629674,Queta,N. Queta,0,0,0,,0,,,0,h,Jump Ball Queta vs. Allen: Tip to Mobley,Jump Ball,,1,0,2
0022500128,7,PT11M44.00S,1,1610612739,CLE,1630596,Mobley,E. Mobley,96,38,10,Made,1,0,2,2,v,Mobley 10' Driving Floating Bank Jump Shot (2 PTS) (Mitchell 1 AST),Made Shot,Driving Floating Bank Jump Shot,1,2,3
0022500128,8,PT11M24.00S,1,1610612738,BOS,1627759,Brown,J. Brown,-137,5,14,Made,1,2,2,4,h,Brown 14' Pullup Jump Shot (2 PTS) (Pritchard 1 AST),Made Shot,Pullup Jump shot,1,2,4
0022500128,12,PT11M07.00S,1,1610612738,BOS,1631169,Minott,J. Minott,0,0,0,,0,,,0,h,Minott P.FOUL (P1.T1) (S.Mitchell),Foul,Personal,1,0,5
0022500128,14,PT11M01.00S,1,1610612739,CLE,1628386,Allen,J. Allen,-60,53,8,Missed,1,,,0,v,MISS Allen 8' Layup,Missed Shot,Layup Shot,1,2,6
0022500128,14,PT11M01.00S,1,1610612738,BOS,1631169,Minott,J. Minott,0,0,0,,0,,,0,h,Minott BLOCK (1 BLK),,,1,2,7
0022500128,16,PT10M58.00S,1,1610612738,BOS,1631169,Minott,J. Minott,0,0,0,,0,,,0,h,Minott REBOUND (Off:0 Def:1),Rebound,Unknown,1,0,8
0022500128,17,PT10M56.00S,1,1610612738,BOS,1631169,Minott,J. Minott,65,52,8,Made,1,4,2,6,h,Minott 8' Running Layup (2 PTS),Made Shot,Running Layup Shot,1,2,9
0022500128,18,PT10M41.00S,1,1610612739,CLE,1629631,Hunter,D. Hunter,-233,89,25,Missed,1,,,0,v,MISS Hunter 25' 3PT Jump Shot,Missed Shot,Jump Shot,1,3,10
0022500128,19,PT10M37.00S,1,1610612738,BOS,1628401,White,D. White,0,0,0,,0,,,0,h,White REBOUND (Off:0 Def:1),Rebound,Unknown,1,0,11
0022500128,20,PT10M33.00S,1,1610612738,BOS,1630202,Pritchard,P. Pritchard,-140,221,26,Made,1,7,2,9,h,Pritchard 26' 3PT Running Pull-Up Jump Shot (3 PTS) (White 1 AST),Made Shot,Running Pull-Up Jump Shot,1,3,12
0022500128,22,PT10M23.00S,1,1610612739,CLE,1628378,Mitchell,D. Mitchell,-96,260,28,Made,1,7,5,12,v,Mitchell 28' 3PT Pullup Jump Shot (3 PTS),Made Shot,Pullup Jump shot,1,3,13
0022500128,23,PT10M12.00S,1,1610612738,BOS,1630202,Pritchard,P. Pritchard,176,182,25,Missed,1,,,0,h,MISS Pritchard 25' 3PT Jump Shot,Missed Shot,Jump Shot,1,3,14
0022500128,24,PT10M10.00S,1,1610612738,BOS,1631169,Minott,J. Minott,0,0,0,,0,,,0,h,Minott REBOUND (Off:1 Def:1),Rebound,Unknown,1,0,15
0022500128,25,PT10M10.00S,1,1610612738,BOS,1631169,Minott,J. Minott,48,31,6,Missed,1,,,0,h,MISS Minott 6' Putback Layup,Missed Shot,Putback Layup Shot,1,2,16
0022500128,25,PT10M10.00S,1,1610612739,CLE,1630596,Mobley,E. Mobley,0,0,0,,0,,,0,v,Mobley BLOCK (1 BLK),,,1,2,17
0022500128,27,PT10M09.00S,1,0,,1610612738,,,0,0,0,,0,,,0,h,CELTICS Rebound,Rebound,Unknown,1,0,18
0022500128,29,PT09M55.00S,1,1610612738,BOS,1630202,Pritchard,P. Pritchard,-121,225,26,Missed,1,,,0,h,MISS Pritchard 26' 3PT Step Back Jump Shot,Missed Shot,Step Back Jump shot,1,3,19
0022500128,30,PT09M51.00S,1,1610612739,CLE,1629631,Hunter,D. Hunter,0,0,0,,0,,,0,v,Hunter REBOUND (Off:0 Def:1),Rebound,Unknown,1,0,20
0022500128,31,PT09M42.00S,1,1610612739,CLE,1629631,Hunter,D. Hunter,-13,101,10,Missed,1,,,0,v,MISS Hunter 10' Driving Floating Jump Shot,Missed Shot,Driving Floating Jump Shot,1,2,21
0022500128,32,PT09M39.00S,1,1610612738,BOS,1630202,Pritchard,P. Pritchard,0,0,0,,0,,,0,h,Pritchard REBOUND (Off:0 Def:1),Rebound,Unknown,1,0,22
0022500128,33,PT09M20.00S,1,1610612738,BOS,1628401,White,D. White,0,0,0,,0,,,0,h,White Out of Bounds - Bad Pass Turnover Turnover (P1.T1),Turnover,Out of Bounds - Bad Pass Turnover,1,0,23
0022500128,34,PT09M07.00S,1,1610612739,CLE,1629631,Hunter,D. Hunter,-112,268,29,Missed,1,,,0,v,MISS Hunter 29' 3PT Jump Shot,Missed Shot,Jump Shot,1,3,24
0022500128,35,PT09M02.00S,1,1610612738,BOS,1631169,Minott,J. Minott,0,0,0,,0,,,0,h,Minott REBOUND (Off:1 Def:2),Rebound,Unknown,1,0,25
0022500128,36,PT08M48.00S,1,1610612738,BOS,1630202,Pritchard,P. Pritchard,-113,26,12,Missed,1,,,0,h,MISS Pritchard 12' Fadeaway Jumper,Missed Shot,Fadeaway Jump Shot,1,2,26
0022500128,37,PT08M44.00S,1,1610612738,BOS,1629674,Queta,N. Queta,0,0,0,,0,,,0,h,Queta REBOUND (Off:1 Def:0),Rebound,Unknown,1,0,27
0022500128,38,PT08M44.00S,1,1610612738,BOS,1629674,Queta,N. Queta,0,0,0,Made,1,9,5,14,h,Queta Tip Layup Shot (2 PTS),Made Shot,Tip Layup Shot,1,2,28
0022500128,39,PT08M31.00S,1,1610612739,CLE,1629631,Hunter,D. Hunter,-67,270,28,Made,1,9,8,17,v,Hunter 28' 3PT Jump Shot (3 PTS),Made Shot,Jump Shot,1,3,29
0022500128,40,PT08M15.00S,1,1610612738,BOS,1627759,Brown,J. Brown,-23,162,16,Missed,1,,,0,h,MISS Brown 16' Pullup Jump Shot,Missed Shot,Pullup Jump shot,1,2,30
0022500128,41,PT08M12.00S,1,1610612739,CLE,1642281,Tyson,J. Tyson,0,0,0,,0,,,0,v,Tyson REBOUND (Off:0 Def:1),Rebound,Unknown,1,0,31
0022500128,42,PT08M07.00S,1,1610612739,CLE,1628378,Mitchell,D. Mitchell,-138,226,26,Made,1,9,11,20,v,Mitchell 26' 3PT Step Back Jump Shot (6 PTS),Made Shot,Step Back Jump shot,1,3,32
0022500128,43,PT07M58.00S,1,1610612738,BOS,1627759,Brown,J. Brown,0,0,0,,0,,,0,h,Brown Bad Pass Turnover (P1.T2),Turnover,Bad Pass,1,0,33
0022500128,43,PT07M58.00S,1,1610612739,CLE,1642281,Tyson,J. Tyson,0,0,0,,0,,,0,v,Tyson STEAL (1 STL),,,1,0,34
0022500128,45,PT07M55.00S,1,1610612739,CLE,1642281,Tyson,J. Tyson,-18,1,2,Made,1,9,13,22,v,Tyson 2' Running Dunk (2 PTS),Made Shot,Running Dunk Shot,1,2,35
0022500128,46,PT07M43.00S,1,1610612738,BOS,1628401,White,D. White,88,134,16,Made,1,11,13,24,h,White 16' Pullup Jump Shot (2 PTS) (Brown 1 AST),Made Shot,Pullup Jump shot,1,2,36
0022500128,48,PT07M32.00S,1,1610612739,CLE,1628386,Allen,J. Allen,-59,27,6,Missed,1,,,0,v,MISS Allen 6' Driving Layup,Missed Shot,Driving Layup Shot,1,2,37
0022500128,49,PT07M32.00S,1,0,,1610612738,,,0,0,0,,0,,,0,h,CELTICS Rebound,Rebound,Unknown,1,0,38
0022500128,51,PT07M10.00S,1,1610612739,CLE,1628378,Mitchell,D. Mitchell,0,0,0,,0,,,0,v,Mitchell S.FOUL (P1.T1) (S.Mitchell),Foul,Shooting,1,0,39
0022500128,53,PT07M10.00S,1,1610612738,BOS,1628401,White,D. White,0,0,0,,0,12,13,25,h,White Free Throw 1 of 2 (3 PTS),Free Throw,Free Throw 1 of 2,1,0,40
0022500128,54,PT07M10.00S,1,1610612739,CLE,1628386,Allen,J. Allen,0,0,0,,0,,,0,v,SUB: Wade FOR Allen,Substitution,,0,0,41
0022500128,55,PT07M10.00S,1,1610612739,CLE,1628378,Mitchell,D. Mitchell,0,0,0,,0,,,0,v,SUB: Ball FOR Mitchell,Substitution,,0,0,42
0022500128,58,PT07M10.00S,1,1610612738,BOS,1628401,White,D. White,0,0,0,,0,13,13,26,h,White Free Throw 2 of 2 (4 PTS),Free Throw,Free Throw 2 of 2,1,0,43
0022500128,59,PT06M59.00S,1,1610612739,CLE,1630596,Mobley,E. Mobley,-56,85,10,Missed,1,,,0,v,MISS Mobley 10' Driving Layup,Missed Shot,Driving Layup Shot,1,2,44
0022500128,59,PT06M59.00S,1,1610612738,BOS,1627759,Brown,J. Brown,0,0,0,,0,,,0,h,Brown BLOCK (1 BLK),,,1,2,45
0022500128,61,PT06M59.00S,1,0,,1610612738,,,0,0,0,,0,,,0,h,CELTICS Rebound,Rebound,Unknown,0,0,46
0022500128,63,PT06M59.00S,1,0,,1610612738,,,0,0,0,,0,,,0,h,CELTICS Timeout: Regular (Full 1 Short 0),Timeout,Regular,0,0,47
0022500128,64,PT06M59.00S,1,1610612738,BOS,1628401,White,D. White,0,0,0,,0,,,0,h,SUB: Simons FOR White,Substitution,,0,0,48
0022500128,65,PT06M59.00S,1,1610612738,BOS,1629674,Queta,N. Queta,0,0,0,,0,,,0,h,SUB: Garza FOR Queta,Substitution,,0,0,49
0022500128,68,PT06M40.00S,1,1610612738,BOS,1629014,Simons,A. Simons,228,21,0,Missed,1,,,0,h,MISS Simons 3PT Jump Shot,Missed Shot,Jump Shot,1,3,50
0022500128,69,PT06M37.00S,1,1610612739,CLE,1629631,Hunter,D. Hunter,0,0,0,,0,,,0,v,Hunter REBOUND (Off:0 Def:2),Rebound,Unknown,1,0,51
0022500128,70,PT06M32.00S,1,1610612739,CLE,1642281,Tyson,J. Tyson,23,11,3,Made,1,13,15,28,v,Tyson 3' Running Layup (4 PTS) (Hunter 1 AST),Made Shot,Running Layup Shot,1,2,52
0022500128,72,PT06M22.00S,1,1610612738,BOS,1627759,Brown,J. Brown,0,0,0,,0,,,0,h,Brown Lost Ball Turnover (P2.T3),Turnover,Lost Ball,1,0,53
0022500128,72,PT06M22.00S,1,1610612739,CLE,1642281,Tyson,J. Tyson,0,0,0,,0,,,0,v,Tyson STEAL (2 STL),,,1,0,54
0022500128,74,PT06M20.00S,1,1610612739,CLE,1642281,Tyson,J. Tyson,0,0,0,,0,,,0,v,Tyson Offensive Charge Foul (P1) (P.Fraher),Foul,Offensive Charge,1,0,55
0022500128,76,PT06M20.00S,1,1610612739,CLE,1642281,Tyson,J. Tyson,0,0,0,,0,,,0,v,Tyson Offensive Foul Turnover (P1.T1),Turnover,Offensive Foul Turnover,1,0,56
0022500128,77,PT06M20.00S,1,1610612738,BOS,1631169,Minott,J. Minott,0,0,0,,0,,,0,h,SUB: Hauser FOR Minott,Substitution,,0,0,57
0022500128,78,PT06M20.00S,1,1610612739,CLE,1642281,Tyson,J. Tyson,0,0,0,,0,,,0,v,SUB: Porter Jr. FOR Tyson,Substitution,,0,0,58
0022500128,81,PT06M05.00S,1,1610612738,BOS,1630573,Hauser,S. Hauser,-169,189,25,Made,1,16,15,31,h,Hauser 25' 3PT Jump Shot (3 PTS) (Pritchard 2 AST),Made Shot,Jump Shot,1,3,59
0022500128,83,PT05M49.00S,1,1610612739,CLE,1630596,Mobley,E. Mobley,0,0,0,,0,,,0,v,Mobley Lost Ball Turnover (P1.T2),Turnover,Lost Ball,1,0,60
0022500128,83,PT05M49.00S,1,1610612738,BOS,1630568,Garza,L. Garza,0,0,0,,0,,,0,h,Garza STEAL (1 STL),,,1,0,61
0022500128,85,PT05M35.00S,1,1610612738,BOS,1630573,Hauser,S. Hauser,-230,13,0,Made,1,19,15,34,h,Hauser 3PT Jump Shot (6 PTS) (Pritchard 3 AST),Made Shot,Jump Shot,1,3,62
0022500128,87,PT05M21.00S,1,1610612739,CLE,1629631,Hunter,D. Hunter,228,79,24,Made,1,19,18,37,v,Hunter 24' 3PT Jump Shot (6 PTS) (Porter Jr. 1 AST),Made Shot,Jump Shot,1,3,63
0022500128,89,PT05M03.00S,1,1610612738,BOS,1630573,Hauser,S. Hauser,213,111,24,Made,1,22,18,40,h,Hauser 24' 3PT Jump Shot (9 PTS) (Simons 1 AST),Made Shot,Jump Shot,1,3,64
0022500128,91,PT04M52.00S,1,1610612739,CLE,1630596,Mobley,E. Mobley,91,241,26,Made,1,22,21,43,v,Mobley 26' 3PT Pullup Jump Shot (5 PTS),Made Shot,Pullup Jump shot,1,3,65
0022500128,92,PT04M32.00S,1,1610612738,BOS,1630568,Garza,L. Garza,28,14,3,Missed,1,,,0,h,MISS Garza 3' Reverse Layup,Missed Shot,Reverse Layup Shot,1,2,66
0022500128,92,PT04M32.00S,1,1610612739,CLE,1630596,Mobley,E. Mobley,0,0,0,,0,,,0,v,Mobley BLOCK (2 BLK),,,1,2,67
0022500128,94,PT04M30.00S,1,1610612738,BOS,1630568,Garza,L. Garza,0,0,0,,0,,,0,h,Garza REBOUND (Off:1 Def:0),Rebound,Unknown,1,0,68
0022500128,95,PT04M28.00S,1,1610612738,BOS,1630202,Pritchard,P. Pritchard,224,68,0,Missed,1,,,0,h,MISS Pritchard 3PT Jump Shot,Missed Shot,Jump Shot,1,3,69
0022500128,96,PT04M25.00S,1,1610612738,BOS,1630568,Garza,L. Garza,0,0,0,,0,,,0,h,Garza REBOUND (Off:2 Def:0),Rebound,Unknown,1,0,70
0022500128,97,PT04M24.00S,1,1610612738,BOS,1629014,Simons,A. Simons,48,257,26,Made,1,25,21,46,h,Simons 26' 3PT Jump Shot (3 PTS) (Garza 1 AST),Made Shot,Jump Shot,1,3,71
0022500128,99,PT04M12.00S,1,1610612739,CLE,1630596,Mobley,E. Mobley,97,254,27,Made,1,25,24,49,v,Mobley 27' 3PT Pullup Jump Shot (8 PTS),Made Shot,Pullup Jump shot,1,3,72
0022500128,100,PT03M52.00S,1,1610612738,BOS,1630573,Hauser,S. Hauser,229,82,24,Made,1,28,24,52,h,Hauser 24' 3PT Jump Shot (12 PTS) (Garza 2 AST),Made Shot,Jump Shot,1,3,73
0022500128,102,PT03M39.00S,1,1610612739,CLE,1630596,Mobley,E. Mobley,0,0,0,,0,,,0,v,Mobley Lost Ball Turnover (P2.T3),Turnover,Lost Ball,1,0,74
0022500128,102,PT03M39.00S,1,1610612738,BOS,1630202,Pritchard,P. Pritchard,0,0,0,,0,,,0,h,Pritchard STEAL (1 STL),,,1,0,75
0022500128,104,PT03M34.00S,1,1610612738,BOS,1627759,Brown,J. Brown,37,29,5,Made,1,30,24,54,h,Brown 5' Running Alley Oop Layup Shot (4 PTS) (Pritchard 4 AST),Made Shot,Running Alley Oop Layup Shot,1,2,76
0022500128,106,PT03M34.00S,1,0,,1610612739,,,0,0,0,,0,,,0,v,Cavaliers Timeout: Regular (Reg.1 Short 0),Timeout,Regular,0,0,77
0022500128,107,PT03M34.00S,1,1610612739,CLE,1630596,Mobley,E. Mobley,0,0,0,,0,,,0,v,SUB: Mitchell FOR Mobley,Substitution,,0,0,78
0022500128,108,PT03M34.00S,1,1610612739,CLE,1629631,Hunter,D. Hunter,0,0,0,,0,,,0,v,SUB: Allen FOR Hunter,Substitution,,0,0,79
0022500128,111,PT03M18.00S,1,1610612738,BOS,1627759,Brown,J. Brown,0,0,0,,0,,,0,h,Brown S.FOUL (P1.T2) (S.Mitchell),Foul,Shooting,1,0,80
0022500128,113,PT03M18.00S,1,1610612739,CLE,1628386,Allen,J. Allen,0,0,0,,0,30,25,55,v,Allen Free Throw 1 of 2 (1 PTS),Free Throw,Free Throw 1 of 2,1,0,81
0022500128,114,PT03M18.00S,1,1610612739,CLE,1628386,Allen,J. Allen,0,0,0,,0,30,26,56,v,Allen Free Throw 2 of 2 (2 PTS),Free Throw,Free Throw 2 of 2,0,0,82
0022500128,115,PT03M06.00S,1,1610612738,BOS,1629014,Simons,A. Simons,0,0,0,,0,,,0,h,Simons Bad Pass Turnover (P1.T4),Turnover,Bad Pass,1,0,83
0022500128,115,PT03M06.00S,1,1610612739,CLE,1628366,Ball,L. Ball,0,0,0,,0,,,0,v,Ball STEAL (1 STL),,,1,0,84
0022500128,117,PT03M02.00S,1,1610612739,CLE,1629731,Wade,D. Wade,-235,39,24,Made,1,30,29,59,v,Wade 24' 3PT Running Jump Shot (3 PTS) (Mitchell 2 AST),Made Shot,Running Jump Shot,1,3,85
0022500128,119,PT02M45.00S,1,1610612738,BOS,1630568,Garza,L. Garza,-17,80,8,Made,1,32,29,61,h,Garza 8' Floating Jump Shot (2 PTS) (Pritchard 5 AST),Made Shot,Floating Jump shot,1,2,86
0022500128,122,PT02M30.00S,1,1610612738,BOS,1627759,Brown,J. Brown,0,0,0,,0,,,0,h,SUB: Gonzalez FOR Brown,Substitution,,0,0,87
0022500128,124,PT02M28.00S,1,1610612739,CLE,1628378,Mitchell,D. Mitchell,-197,153,25,Made,1,32,32,64,v,Mitchell 25' 3PT Jump Shot (9 PTS) (Ball 1 AST),Made Shot,Jump Shot,1,3,88
0022500128,126,PT02M05.00S,1,1610612738,BOS,1630568,Garza,L. Garza,4,264,26,Missed,1,,,0,h,MISS Garza 26' 3PT Jump Shot,Missed Shot,Jump Shot,1,3,89
0022500128,127,PT02M02.00S,1,1610612739,CLE,1629731,Wade,D. Wade,0,0,0,,0,,,0,v,Wade REBOUND (Off:0 Def:1),Rebound,Unknown,1,0,90
0022500128,128,PT01M51.00S,1,1610612738,BOS,1630568,Garza,L. Garza,0,0,0,,0,,,0,h,Garza S.FOUL (P1.T3) (P.Fraher),Foul,Shooting,1,0,91
0022500128,130,PT01M51.00S,1,1610612739,CLE,1628386,Allen,J. Allen,0,0,0,,0,32,33,65,v,Allen Free Throw 1 of 2 (3 PTS),Free Throw,Free Throw 1 of 2,1,0,92
0022500128,354,PT01M51.00S,1,1610612738,BOS,1630202,Pritchard,P. Pritchard,0,0,0,,0,,,0,h,SUB: Tillman FOR Pritchard,Substitution,,0,0,93
0022500128,355,PT01M51.00S,1,1610612738,BOS,1630568,Garza,L. Garza,0,0,0,,0,,,0,h,SUB: White FOR Garza,Substitution,,0,0,94
0022500128,135,PT01M51.00S,1,1610612739,CLE,1628386,Allen,J. Allen,0,0,0,,0,32,34,66,v,Allen Free Throw 2 of 2 (4 PTS),Free Throw,Free Throw 2 of 2,0,0,95
0022500128,217,PT01M30.00S,1,1610612738,BOS,1628401,White,D. White,0,0,0,,0,,,0,h,White Lost Ball Turnover (P2.T5),Turnover,Lost Ball,1,0,96
0022500128,217,PT01M30.00S,1,1610612739,CLE,1628386,Allen,J. Allen,0,0,0,,0,,,0,v,Allen STEAL (1 STL),,,1,0,97
0022500128,139,PT01M20.00S,1,1610612739,CLE,1641854,Porter Jr.,C. Porter Jr.,-51,265,27,Made,1,32,37,69,v,Porter Jr. 27' 3PT Step Back Jump Shot (3 PTS),Made Shot,Step Back Jump shot,1,3,98
0022500128,141,PT01M05.00S,1,1610612738,BOS,1629014,Simons,A. Simons,-218,113,25,Made,1,35,37,72,h,Simons 25' 3PT Jump Shot (6 PTS) (White 2 AST),Made Shot,Jump Shot,1,3,99
0022500128,143,PT00M53.80S,1,1610612738,BOS,1630573,Hauser,S. Hauser,0,0,0,,0,,,0,h,Hauser S.FOUL (P1.PN) (T.Maddox),Foul,Shooting,1,0,100
0022500128,145,PT00M53.80S,1,1610612739,CLE,1628386,Allen,J. Allen,0,0,0,,0,35,38,73,v,Allen Free Throw 1 of 2 (5 PTS),Free Throw,Free Throw 1 of 2,1,0,101
0022500128,146,PT00M53.80S,1,1610612739,CLE,1628386,Allen,J. Allen,0,0,0,,0,35,39,74,v,Allen Free Throw 2 of 2 (6 PTS),Free Throw,Free Throw 2 of 2,1,0,102
0022500128,147,PT00M39.80S,1,1610612738,BOS,1630573,Hauser,S. Hauser,-80,274,29,Missed,1,,,0,h,MISS Hauser 29' 3PT Pullup Jump Shot,Missed Shot,Pullup Jump shot,1,3,103
0022500128,148,PT00M36.70S,1,1610612738,BOS,1630573,Hauser,S. Hauser,0,0,0,,0,,,0,h,Hauser REBOUND (Off:1 Def:0),Rebound,Unknown,1,0,104
0022500128,149,PT00M36.10S,1,1610612738,BOS,1630573,Hauser,S. Hauser,-27,269,27,Made,1,38,39,77,h,Hauser 27' 3PT Jump Shot (15 PTS),Made Shot,Jump Shot,1,3,105
0022500128,150,PT00M25.10S,1,1610612739,CLE,1628386,Allen,J. Allen,0,0,0,,0,,,0,v,Allen Out of Bounds Lost Ball Turnover (P1.T4),Turnover,Out of Bounds Lost Ball Turnover,1,0,106
0022500128,151,PT00M04.20S,1,1610612739,CLE,1641854,Porter Jr.,C. Porter Jr.,0,0,0,,0,,,0,v,Porter Jr. S.FOUL (P1.T2) (T.Maddox),Foul,Shooting,1,0,107
0022500128,153,PT00M04.20S,1,1610612738,BOS,1628401,White,D. White,0,0,0,,0,39,39,78,h,White Free Throw 1 of 2 (5 PTS),Free Throw,Free Throw 1 of 2,1,0,108
0022500128,156,PT00M04.20S,1,1610612738,BOS,1628401,White,D. White,0,0,0,,0,40,39,79,h,White Free Throw 2 of 2 (6 PTS),Free Throw,Free Throw 2 of 2,1,0,109
0022500128,154,PT00M04.20S,1,1610612738,BOS,1629014,Simons,A. Simons,0,0,0,,0,,,0,h,SUB: Minott FOR Simons,Substitution,,0,0,110
0022500128,157,PT00M00.00S,1,1610612739,CLE,1628378,Mitchell,D. Mitchell,61,251,26,Made,1,40,42,82,v,Mitchell 26' 3PT Jump Shot (12 PTS) (Ball 2 AST),Made Shot,Jump Shot,1,3,111
0022500128,159,PT00M00.00S,1,0,,157,Harper,D. Harper,0,0,0,,0,40,42,82,,Instant Replay1st Period (7:39 PM EST),Instant Replay,Support Ruling,0,0,112
0022500128,160,PT00M00.00S,1,0,,0,,,0,0,0,,0,40,42,82,,End of 1st Period (7:39 PM EST),period,end,1,0,113
0022500128,173,PT12M00.00S,2,0,,0,,,0,0,0,,0,40,42,82,,Start of 2nd Period (7:43 PM EST),period,start,0,0,114
0022500128,174,PT11M45.00S,2,1610612738,BOS,1628401,White,D. White,-110,222,25,Missed,1,,,0,h,MISS White 25' 3PT Step Back Jump Shot,Missed Shot,Step Back Jump shot,0,3,115
0022500128,175,PT11M40.00S,2,1610612738,BOS,1631248,Scheierman,B. Scheierman,0,0,0,,0,,,0,h,Scheierman REBOUND (Off:1 Def:0),Rebound,Unknown,0,0,116
0022500128,177,PT11M33.00S,2,1610612738,BOS,1628401,White,D. White,97,135,17,Missed,1,,,0,h,MISS White 17' Driving Floating Jump Shot,Missed Shot,Driving Floating Jump Shot,1,2,117
0022500128,178,PT11M31.00S,2,1610612738,BOS,1629674,Queta,N. Queta,0,0,0,,0,,,0,h,Queta REBOUND (Off:2 Def:0),Rebound,Unknown,1,0,118
0022500128,179,PT11M29.00S,2,1610612738,BOS,1629674,Queta,N. Queta,-7,9,1,Made,1,42,42,84,h,Queta 1' Putback Layup (4 PTS),Made Shot,Putback Layup Shot,1,2,119
0022500128,180,PT11M17.00S,2,1610612739,CLE,1628378,Mitchell,D. Mitchell,0,0,0,,0,,,0,v,Mitchell Bad Pass Turnover (P1.T5),Turnover,Bad Pass,1,0,120
0022500128,180,PT11M17.00S,2,1610612738,BOS,1631169,Minott,J. Minott,0,0,0,,0,,,0,h,Minott STEAL (1 STL),,,1,0,121
0022500128,182,PT10M58.00S,2,1610612739,CLE,1642878,Proctor,T. Proctor,0,0,0,,0,,,0,v,Proctor P.FOUL (P1.T1) (P.Fraher),Foul,Personal,1,0,122
0022500128,185,PT10M48.00S,2,1610612738,BOS,1629674,Queta,N. Queta,-60,51,8,Missed,1,,,0,h,MISS Queta 8' Turnaround Hook Shot,Missed Shot,Turnaround Hook Shot,1,2,123
0022500128,186,PT10M43.00S,2,1610612739,CLE,1630596,Mobley,E. Mobley,0,0,0,,0,,,0,v,Mobley REBOUND (Off:0 Def:1),Rebound,Unknown,1,0,124
0022500128,187,PT10M36.00S,2,1610612739,CLE,1628378,Mitchell,D. Mitchell,157,216,27,Made,1,42,45,87,v,Mitchell 27' 3PT Jump Shot (15 PTS) (Porter Jr. 2 AST),Made Shot,Jump Shot,1,3,125
0022500128,189,PT10M14.00S,2,1610612738,BOS,1629014,Simons,A. Simons,-15,152,15,Missed,1,,,0,h,MISS Simons 15' Step Back Jump Shot,Missed Shot,Step Back Jump shot,1,2,126
0022500128,190,PT10M12.00S,2,1610612738,BOS,1629674,Queta,N. Queta,0,0,0,,0,,,0,h,Queta REBOUND (Off:3 Def:0),Rebound,Unknown,1,0,127
0022500128,191,PT10M11.00S,2,1610612738,BOS,1628401,White,D. White,-112,219,25,Missed,1,,,0,h,MISS White 25' 3PT Jump Shot,Missed Shot,Jump Shot,1,3,128
0022500128,192,PT10M10.00S,2,0,,1610612738,,,0,0,0,,0,,,0,h,CELTICS Rebound,Rebound,Unknown,1,0,129
0022500128,193,PT10M09.00S,2,1610612739,CLE,1630596,Mobley,E. Mobley,0,0,0,,0,,,0,v,Mobley L.B.FOUL (P1.T2) (T.Maddox),Foul,Loose Ball,1,0,130
0022500128,195,PT10M07.00S,2,1610612739,CLE,1628378,Mitchell,D. Mitchell,0,0,0,,0,,,0,v,Mitchell P.FOUL (P2.T3) (T.Maddox),Foul,Personal,1,0,131
0022500128,197,PT09M55.00S,2,1610612738,BOS,1628401,White,D. White,-27,272,27,Made,1,45,45,90,h,White 27' 3PT Jump Shot (9 PTS) (Queta 1 AST),Made Shot,Jump Shot,1,3,132
0022500128,199,PT09M41.00S,2,1610612739,CLE,1628378,Mitchell,D. Mitchell,116,232,26,Missed,1,,,0,v,MISS Mitchell 26' 3PT Pullup Jump Shot,Missed Shot,Pullup Jump shot,1,3,133
0022500128,200,PT09M38.00S,2,1610612738,BOS,1629674,Queta,N. Queta,0,0,0,,0,,,0,h,Queta REBOUND (Off:3 Def:1),Rebound,Unknown,1,0,134
0022500128,201,PT09M26.00S,2,1610612738,BOS,1629014,Simons,A. Simons,-65,125,14,Missed,1,,,0,h,MISS Simons 14' Fadeaway Jumper,Missed Shot,Fadeaway Jump Shot,1,2,135
0022500128,202,PT09M23.00S,2,1610612739,CLE,1628378,Mitchell,D. Mitchell,0,0,0,,0,,,0,v,Mitchell REBOUND (Off:0 Def:1),Rebound,Unknown,1,0,136
0022500128,203,PT09M15.00S,2,1610612739,CLE,1641854,Porter Jr.,C. Porter Jr.,0,0,0,,0,,,0,v,Porter Jr. Bad Pass Turnover (P1.T6),Turnover,Bad Pass,1,0,137
0022500128,203,PT09M15.00S,2,1610612738,BOS,1631169,Minott,J. Minott,0,0,0,,0,,,0,h,Minott STEAL (2 STL),,,1,0,138
0022500128,205,PT08M58.00S,2,1610612738,BOS,1628401,White,D. White,-108,138,18,Missed,1,,,0,h,MISS White 18' Pullup Jump Shot,Missed Shot,Pullup Jump shot,1,2,139
0022500128,206,PT08M54.00S,2,1610612739,CLE,1628378,Mitchell,D. Mitchell,0,0,0,,0,,,0,v,Mitchell REBOUND (Off:0 Def:2),Rebound,Unknown,1,0,140
0022500128,207,PT08M46.00S,2,1610612739,CLE,1641854,Porter Jr.,C. Porter Jr.,-228,62,24,Missed,1,,,0,v,MISS Porter Jr. 24' 3PT Jump Shot,Missed Shot,Jump Shot,1,3,141
0022500128,208,PT08M44.00S,2,1610612738,BOS,1631169,Minott,J. Minott,0,0,0,,0,,,0,h,Minott REBOUND (Off:1 Def:3),Rebound,Unknown,1,0,142
0022500128,209,PT08M28.00S,2,1610612738,BOS,1629674,Queta,N. Queta,-81,241,25,Missed,1,,,0,h,MISS Queta 25' 3PT Jump Shot,Missed Shot,Jump Shot,1,3,143
0022500128,210,PT08M25.00S,2,1610612739,CLE,1630596,Mobley,E. Mobley,0,0,0,,0,,,0,v,Mobley REBOUND (Off:0 Def:2),Rebound,Unknown,1,0,144
0022500128,211,PT08M06.00S,2,1610612739,CLE,1642878,Proctor,T. Proctor,-5,258,26,Missed,1,,,0,v,MISS Proctor 26' 3PT Jump Shot,Missed Shot,Jump Shot,1,3,145
0022500128,212,PT08M03.00S,2,1610612738,BOS,1631169,Minott,J. Minott,0,0,0,,0,,,0,h,Minott REBOUND (Off:1 Def:4),Rebound,Unknown,1,0,146
0022500128,213,PT07M49.00S,2,1610612739,CLE,1626204,Nance Jr.,L. Nance Jr.,0,0,0,,0,,,0,v,Nance Jr. S.FOUL (P1.T4) (S.Mitchell),Foul,Shooting,1,0,147
0022500128,215,PT07M49.00S,2,1610612738,BOS,1629014,Simons,A. Simons,0,0,0,,0,46,45,91,h,Simons Free Throw 1 of 2 (7 PTS),Free Throw,Free Throw 1 of 2,1,0,148
0022500128,216,PT07M49.00S,2,0,,1610612739,,,0,0,0,,0,,,0,v,Cavaliers Timeout: Regular (Reg.2 Short 0),Timeout,Regular,0,0,149
0022500128,219,PT07M49.00S,2,1610612738,BOS,1628401,White,D. White,0,0,0,,0,,,0,h,SUB: Brown FOR White,Substitution,,0,0,150
0022500128,220,PT07M49.00S,2,1610612738,BOS,1631248,Scheierman,B. Scheierman,0,0,0,,0,,,0,h,SUB: Pritchard FOR Scheierman,Substitution,,0,0,151
0022500128,221,PT07M49.00S,2,1610612738,BOS,1629674,Queta,N. Queta,0,0,0,,0,,,0,h,SUB: Tillman FOR Queta,Substitution,,0,0,152
0022500128,222,PT07M49.00S,2,1610612739,CLE,1641854,Porter Jr.,C. Porter Jr.,0,0,0,,0,,,0,v,SUB: Ball FOR Porter Jr.,Substitution,,0,0,153
0022500128,223,PT07M49.00S,2,1610612739,CLE,1628378,Mitchell,D. Mitchell,0,0,0,,0,,,0,v,SUB: Hunter FOR Mitchell,Substitution,,0,0,154
0022500128,229,PT07M49.00S,2,1610612738,BOS,1629014,Simons,A. Simons,0,0,0,,0,47,45,92,h,Simons Free Throw 2 of 2 (8 PTS),Free Throw,Free Throw 2 of 2,1,0,155
0022500128,230,PT07M32.00S,2,1610612739,CLE,1626204,Nance Jr.,L. Nance Jr.,229,47,0,Missed,1,,,0,v,MISS Nance Jr. 3PT Jump Shot,Missed Shot,Jump Shot,1,3,156
0022500128,231,PT07M27.00S,2,1610612739,CLE,1630596,Mobley,E. Mobley,0,0,0,,0,,,0,v,Mobley REBOUND (Off:1 Def:2),Rebound,Unknown,1,0,157
0022500128,232,PT07M27.00S,2,1610612739,CLE,1630596,Mobley,E. Mobley,0,0,0,Missed,1,,,0,v,MISS Mobley Tip Layup Shot,Missed Shot,Tip Layup Shot,1,2,158
0022500128,233,PT07M26.00S,2,1610612738,BOS,1627759,Brown,J. Brown,0,0,0,,0,,,0,h,Brown REBOUND (Off:0 Def:1),Rebound,Unknown,1,0,159
0022500128,234,PT07M11.00S,2,1610612739,CLE,1628366,Ball,L. Ball,0,0,0,,0,,,0,v,Ball S.FOUL (P1.PN) (T.Maddox),Foul,Shooting,1,0,160
0022500128,236,PT07M11.00S,2,1610612738,BOS,1631169,Minott,J. Minott,0,0,0,,0,48,45,93,h,Minott Free Throw 1 of 2 (3 PTS),Free Throw,Free Throw 1 of 2,1,0,161
0022500128,237,PT07M11.00S,2,1610612739,CLE,1630596,Mobley,E. Mobley,0,0,0,,0,,,0,v,SUB: Allen FOR Mobley,Substitution,,0,0,162
0022500128,239,PT07M11.00S,2,1610612738,BOS,1631169,Minott,J. Minott,0,0,0,,0,,,0,h,MISS Minott Free Throw 2 of 2,Free Throw,Free Throw 2 of 2,1,0,163
0022500128,240,PT07M11.00S,2,1610612739,CLE,1626204,Nance Jr.,L. Nance Jr.,0,0,0,,0,,,0,v,Nance Jr. REBOUND (Off:0 Def:1),Rebound,Unknown,1,0,164
0022500128,241,PT07M00.00S,2,1610612738,BOS,1627759,Brown,J. Brown,0,0,0,,0,,,0,h,Brown S.FOUL (P2.T1) (P.Fraher),Foul,Shooting,1,0,165
0022500128,243,PT07M00.00S,2,1610612739,CLE,1629631,Hunter,D. Hunter,0,0,0,,0,48,46,94,v,Hunter Free Throw 1 of 2 (7 PTS),Free Throw,Free Throw 1 of 2,1,0,166
0022500128,244,PT07M00.00S,2,1610612738,BOS,1631169,Minott,J. Minott,0,0,0,,0,,,0,h,SUB: Hauser FOR Minott,Substitution,,0,0,167
0022500128,245,PT07M00.00S,2,1610612738,BOS,1630214,Tillman,X. Tillman,0,0,0,,0,,,0,h,SUB: Garza FOR Tillman,Substitution,,0,0,168
0022500128,248,PT07M00.00S,2,1610612739,CLE,1629631,Hunter,D. Hunter,0,0,0,,0,48,47,95,v,Hunter Free Throw 2 of 2 (8 PTS),Free Throw,Free Throw 2 of 2,1,0,169
0022500128,249,PT06M44.00S,2,1610612738,BOS,1627759,Brown,J. Brown,-159,215,27,Made,1,51,47,98,h,Brown 27' 3PT Jump Shot (7 PTS) (Simons 2 AST),Made Shot,Jump Shot,1,3,170
0022500128,251,PT06M24.00S,2,1610612739,CLE,1628386,Allen,J. Allen,-2,12,1,Made,1,51,49,100,v,Allen 1' Cutting Dunk Shot (8 PTS) (Nance Jr. 1 AST),Made Shot,Cutting Dunk Shot,1,2,171
0022500128,253,PT06M15.00S,2,1610612738,BOS,1627759,Brown,J. Brown,-131,211,25,Missed,1,,,0,h,MISS Brown 25' 3PT Step Back Jump Shot,Missed Shot,Step Back Jump shot,1,3,172
0022500128,254,PT06M14.00S,2,0,,1610612739,,,0,0,0,,0,,,0,v,Cavaliers Rebound,Rebound,Unknown,1,0,173
0022500128,256,PT06M14.00S,2,1610612739,CLE,1642878,Proctor,T. Proctor,0,0,0,,0,,,0,v,SUB: Tyson FOR Proctor,Substitution,,0,0,174
0022500128,258,PT06M03.00S,2,1610612739,CLE,1629631,Hunter,D. Hunter,-119,274,30,Missed,1,,,0,v,MISS Hunter 30' 3PT Pullup Jump Shot,Missed Shot,Pullup Jump shot,1,3,175
0022500128,259,PT05M59.00S,2,1610612738,BOS,1630573,Hauser,S. Hauser,0,0,0,,0,,,0,h,Hauser REBOUND (Off:1 Def:1),Rebound,Unknown,1,0,176
0022500128,260,PT05M44.00S,2,1610612738,BOS,1629014,Simons,A. Simons,-150,204,25,Missed,1,,,0,h,MISS Simons 25' 3PT Jump Shot,Missed Shot,Jump Shot,1,3,177
0022500128,261,PT05M42.00S,2,0,,1610612738,,,0,0,0,,0,,,0,h,CELTICS Rebound,Rebound,Unknown,0,0,178
0022500128,263,PT05M35.00S,2,1610612738,BOS,1630202,Pritchard,P. Pritchard,-6,278,28,Missed,1,,,0,h,MISS Pritchard 28' 3PT Step Back Jump Shot,Missed Shot,Step Back Jump shot,1,3,179
0022500128,264,PT05M32.00S,2,1610612739,CLE,1628386,Allen,J. Allen,0,0,0,,0,,,0,v,Allen REBOUND (Off:0 Def:1),Rebound,Unknown,1,0,180
0022500128,265,PT05M26.00S,2,1610612738,BOS,1630568,Garza,L. Garza,0,0,0,,0,,,0,h,Garza P.FOUL (P2.T2) (S.Mitchell),Foul,Personal,1,0,181
0022500128,267,PT05M16.00S,2,1610612739,CLE,1642281,Tyson,J. Tyson,0,0,0,,0,,,0,v,Tyson Bad Pass Turnover (P2.T7),Turnover,Bad Pass,1,0,182
0022500128,267,PT05M16.00S,2,1610612738,BOS,1630202,Pritchard,P. Pritchard,0,0,0,,0,,,0,h,Pritchard STEAL (2 STL),,,1,0,183
0022500128,269,PT05M11.00S,2,1610612738,BOS,1627759,Brown,J. Brown,-22,29,4,Made,1,53,49,102,h,Brown 4' Running Layup (9 PTS) (Pritchard 6 AST),Made Shot,Running Layup Shot,1,2,184
0022500128,271,PT04M58.00S,2,1610612739,CLE,1628386,Allen,J. Allen,-13,74,8,Made,1,53,51,104,v,Allen 8' Floating Jump Shot (10 PTS) (Tyson 1 AST),Made Shot,Floating Jump shot,1,2,185
0022500128,273,PT04M40.00S,2,1610612738,BOS,1630568,Garza,L. Garza,39,95,10,Made,1,55,51,106,h,Garza 10' Floating Jump Shot (4 PTS) (Hauser 1 AST),Made Shot,Floating Jump shot,1,2,186
0022500128,275,PT04M23.00S,2,1610612738,BOS,1630573,Hauser,S. Hauser,0,0,0,,0,,,0,h,Hauser P.FOUL (P2.T3) (T.Maddox),Foul,Personal,1,0,187
0022500128,277,PT04M23.00S,2,1610612738,BOS,1629014,Simons,A. Simons,0,0,0,,0,,,0,h,SUB: White FOR Simons,Substitution,,0,0,188
0022500128,278,PT04M23.00S,2,1610612738,BOS,1630573,Hauser,S. Hauser,0,0,0,,0,,,0,h,SUB: Minott FOR Hauser,Substitution,,0,0,189
0022500128,279,PT04M23.00S,2,1610612739,CLE,1626204,Nance Jr.,L. Nance Jr.,0,0,0,,0,,,0,v,SUB: Mobley FOR Nance Jr.,Substitution,,0,0,190
0022500128,283,PT04M18.00S,2,1610612739,CLE,1629631,Hunter,D. Hunter,-113,257,28,Missed,1,,,0,v,MISS Hunter 28' 3PT Jump Shot,Missed Shot,Jump Shot,1,3,191
0022500128,284,PT04M15.00S,2,1610612739,CLE,1630596,Mobley,E. Mobley,0,0,0,,0,,,0,v,Mobley REBOUND (Off:2 Def:2),Rebound,Unknown,1,0,192
0022500128,285,PT04M15.00S,2,1610612739,CLE,1628366,Ball,L. Ball,-20,259,26,Made,1,55,54,109,v,Ball 26' 3PT Jump Shot (3 PTS) (Mobley 1 AST),Made Shot,Jump Shot,1,3,193
0022500128,287,PT04M02.00S,2,1610612738,BOS,1631169,Minott,J. Minott,-109,235,26,Missed,1,,,0,h,MISS Minott 26' 3PT Jump Shot,Missed Shot,Jump Shot,1,3,194
0022500128,288,PT03M58.00S,2,1610612739,CLE,1629631,Hunter,D. Hunter,0,0,0,,0,,,0,v,Hunter REBOUND (Off:0 Def:3),Rebound,Unknown,1,0,195
0022500128,289,PT03M54.00S,2,1610612739,CLE,1642281,Tyson,J. Tyson,-148,201,25,Made,1,55,57,112,v,Tyson 25' 3PT Running Jump Shot (7 PTS) (Ball 3 AST),Made Shot,Running Jump Shot,1,3,196
0022500128,291,PT03M51.00S,2,0,,1610612738,,,0,0,0,,0,,,0,h,CELTICS Timeout: Regular (Full 2 Short 0),Timeout,Regular,0,0,197
0022500128,292,PT03M51.00S,2,1610612738,BOS,1630568,Garza,L. Garza,0,0,0,,0,,,0,h,SUB: Queta FOR Garza,Substitution,,0,0,198
0022500128,294,PT03M34.00S,2,1610612739,CLE,1629631,Hunter,D. Hunter,0,0,0,,0,,,0,v,Hunter S.FOUL (P1.PN) (T.Maddox),Foul,Shooting,1,0,199
0022500128,296,PT03M34.00S,2,1610612738,BOS,1627759,Brown,J. Brown,0,0,0,,0,56,57,113,h,Brown Free Throw 1 of 2 (10 PTS),Free Throw,Free Throw 1 of 2,1,0,200
0022500128,297,PT03M34.00S,2,1610612739,CLE,1628366,Ball,L. Ball,0,0,0,,0,,,0,v,SUB: Mitchell FOR Ball,Substitution,,0,0,201
0022500128,299,PT03M34.00S,2,1610612738,BOS,1627759,Brown,J. Brown,0,0,0,,0,57,57,114,h,Brown Free Throw 2 of 2 (11 PTS),Free Throw,Free Throw 2 of 2,1,0,202
0022500128,300,PT03M22.00S,2,1610612739,CLE,1642281,Tyson,J. Tyson,225,109,25,Missed,1,,,0,v,MISS Tyson 25' 3PT Jump Shot,Missed Shot,Jump Shot,1,3,203
0022500128,301,PT03M20.00S,2,1610612738,BOS,1629674,Queta,N. Queta,0,0,0,,0,,,0,h,Queta REBOUND (Off:3 Def:2),Rebound,Unknown,1,0,204
0022500128,302,PT03M07.00S,2,1610612738,BOS,1628401,White,D. White,179,178,25,Missed,1,,,0,h,MISS White 25' 3PT Jump Shot,Missed Shot,Jump Shot,1,3,205
0022500128,303,PT03M03.00S,2,1610612738,BOS,1629674,Queta,N. Queta,0,0,0,,0,,,0,h,Queta REBOUND (Off:4 Def:2),Rebound,Unknown,1,0,206
0022500128,304,PT03M02.00S,2,1610612738,BOS,1627759,Brown,J. Brown,-96,247,27,Made,1,60,57,117,h,Brown 27' 3PT Jump Shot (14 PTS) (Queta 2 AST),Made Shot,Jump Shot,1,3,207
0022500128,306,PT02M45.00S,2,1610612739,CLE,1630596,Mobley,E. Mobley,-97,248,27,Missed,1,,,0,v,MISS Mobley 27' 3PT Jump Shot,Missed Shot,Jump Shot,1,3,208
0022500128,307,PT02M43.00S,2,0,,1610612738,,,0,0,0,,0,,,0,h,CELTICS Rebound,Rebound,Unknown,1,0,209
0022500128,309,PT02M20.00S,2,1610612738,BOS,1628401,White,D. White,-58,258,26,Made,1,63,57,120,h,White 26' 3PT Jump Shot (12 PTS) (Pritchard 7 AST),Made Shot,Jump Shot,1,3,210
0022500128,311,PT01M53.00S,2,1610612739,CLE,1630596,Mobley,E. Mobley,130,32,13,Missed,1,,,0,v,MISS Mobley 13' Fadeaway Jumper,Missed Shot,Fadeaway Jump Shot,1,2,211
0022500128,312,PT01M50.00S,2,1610612738,BOS,1627759,Brown,J. Brown,0,0,0,,0,,,0,h,Brown REBOUND (Off:0 Def:2),Rebound,Unknown,1,0,212
0022500128,313,PT01M31.00S,2,1610612738,BOS,1631169,Minott,J. Minott,0,0,0,,0,,,0,h,Minott Lost Ball Turnover (P1.T6),Turnover,Lost Ball,1,0,213
0022500128,313,PT01M31.00S,2,1610612739,CLE,1642281,Tyson,J. Tyson,0,0,0,,0,,,0,v,Tyson STEAL (3 STL),,,1,0,214
0022500128,315,PT01M27.00S,2,1610612738,BOS,1628401,White,D. White,0,0,0,,0,,,0,h,White S.FOUL (P1.T4) (P.Fraher),Foul,Shooting,1,0,215
0022500128,317,PT01M27.00S,2,1610612739,CLE,1628386,Allen,J. Allen,0,0,0,,0,63,58,121,v,Allen Free Throw 1 of 2 (11 PTS),Free Throw,Free Throw 1 of 2,1,0,216
0022500128,318,PT01M27.00S,2,1610612739,CLE,1628386,Allen,J. Allen,0,0,0,,0,63,59,122,v,Allen Free Throw 2 of 2 (12 PTS),Free Throw,Free Throw 2 of 2,1,0,217
0022500128,319,PT01M13.00S,2,1610612738,BOS,1627759,Brown,J. Brown,80,150,17,Made,1,65,59,124,h,Brown 17' Pullup Jump Shot (16 PTS) (Pritchard 8 AST),Made Shot,Pullup Jump shot,1,2,218
0022500128,321,PT01M03.00S,2,1610612739,CLE,1628378,Mitchell,D. Mitchell,-26,269,27,Missed,1,,,0,v,MISS Mitchell 27' 3PT Pullup Jump Shot,Missed Shot,Pullup Jump shot,1,3,219
0022500128,322,PT00M59.60S,2,1610612738,BOS,1627759,Brown,J. Brown,0,0,0,,0,,,0,h,Brown REBOUND (Off:0 Def:3),Rebound,Unknown,1,0,220
0022500128,323,PT00M49.70S,2,1610612738,BOS,1629674,Queta,N. Queta,6,-7,1,Made,1,67,59,126,h,Queta 1' Alley Oop Dunk (6 PTS) (Pritchard 9 AST),Made Shot,Alley Oop Dunk Shot,1,2,221
0022500128,325,PT00M45.20S,2,1610612739,CLE,1628378,Mitchell,D. Mitchell,0,0,0,,0,,,0,v,Mitchell Lost Ball Turnover (P2.T8),Turnover,Lost Ball,1,0,222
0022500128,325,PT00M45.20S,2,1610612738,BOS,1628401,White,D. White,0,0,0,,0,,,0,h,White STEAL (1 STL),,,1,0,223
0022500128,327,PT00M42.40S,2,1610612738,BOS,1631169,Minott,J. Minott,-1,9,1,Made,1,69,59,128,h,Minott 1' Running Alley Oop Dunk Shot (5 PTS) (White 3 AST),Made Shot,Running Alley Oop Dunk Shot,1,2,224
0022500128,329,PT00M30.10S,2,1610612739,CLE,1628378,Mitchell,D. Mitchell,80,206,22,Missed,1,,,0,v,MISS Mitchell 22' Turnaround Jump Shot,Missed Shot,Turnaround Jump Shot,1,2,225
0022500128,330,PT00M28.40S,2,1610612738,BOS,1629674,Queta,N. Queta,0,0,0,,0,,,0,h,Queta REBOUND (Off:4 Def:3),Rebound,Unknown,1,0,226
0022500128,331,PT00M16.90S,2,1610612738,BOS,1627759,Brown,J. Brown,26,305,31,Made,1,72,59,131,h,Brown 31' 3PT Pullup Jump Shot (19 PTS),Made Shot,Pullup Jump shot,1,3,227
0022500128,332,PT00M15.30S,2,1610612738,BOS,1631169,Minott,J. Minott,0,0,0,,0,,,0,h,Minott P.FOUL (P2.PN) (P.Fraher),Foul,Personal,0,0,228
0022500128,334,PT00M15.30S,2,1610612739,CLE,1630596,Mobley,E. Mobley,0,0,0,,0,,,0,v,MISS Mobley Free Throw 1 of 2,Free Throw,Free Throw 1 of 2,1,0,229
0022500128,335,PT00M15.30S,2,0,,1610612739,,,0,0,0,,0,,,0,v,Cavaliers Rebound,Rebound,Normal Rebound,0,0,230
0022500128,336,PT00M15.30S,2,1610612738,BOS,1631169,Minott,J. Minott,0,0,0,,0,,,0,h,SUB: Hauser FOR Minott,Substitution,,0,0,231
0022500128,337,PT00M15.30S,2,1610612739,CLE,1642281,Tyson,J. Tyson,0,0,0,,0,,,0,v,SUB: Wade FOR Tyson,Substitution,,0,0,232
0022500128,340,PT00M15.30S,2,1610612739,CLE,1630596,Mobley,E. Mobley,0,0,0,,0,72,60,132,v,Mobley Free Throw 2 of 2 (9 PTS),Free Throw,Free Throw 2 of 2,1,0,233
0022500128,341,PT00M00.00S,2,1610612738,BOS,1627759,Brown,J. Brown,-148,209,26,Made,1,75,60,135,h,Brown 26' 3PT Step Back Jump Shot (22 PTS),Made Shot,Step Back Jump shot,1,3,234
0022500128,342,PT00M00.00S,2,0,,341,Wolf,J. Wolf,0,0,0,,0,75,60,135,,Instant Replay2nd Period (8:11 PM EST),Instant Replay,Support Ruling,0,0,235
0022500128,343,PT00M00.00S,2,0,,0,,,0,0,0,,0,75,60,135,,End of 2nd Period (8:11 PM EST),period,end,1,0,236
0022500128,346,PT12M00.00S,3,0,,0,,,0,0,0,,0,75,60,135,,Start of 3rd Period (8:27 PM EST),period,start,0,0,237
0022500128,347,PT11M40.00S,3,1610612738,BOS,1627759,Brown,J. Brown,-103,285,30,Missed,1,,,0,h,MISS Brown 30' 3PT Jump Shot,Missed Shot,Jump Shot,1,3,238
0022500128,348,PT11M36.00S,3,1610612739,CLE,1630596,Mobley,E. Mobley,0,0,0,,0,,,0,v,Mobley REBOUND (Off:2 Def:3),Rebound,Unknown,1,0,239
0022500128,349,PT11M26.00S,3,1610612739,CLE,1629631,Hunter,D. Hunter,225,100,25,Missed,1,,,0,v,MISS Hunter 25' 3PT Jump Shot,Missed Shot,Jump Shot,1,3,240
0022500128,350,PT11M21.00S,3,1610612739,CLE,1628386,Allen,J. Allen,0,0,0,,0,,,0,v,Allen REBOUND (Off:1 Def:1),Rebound,Unknown,1,0,241
0022500128,351,PT11M18.00S,3,1610612739,CLE,1629631,Hunter,D. Hunter,211,134,25,Missed,1,,,0,v,MISS Hunter 25' 3PT Jump Shot,Missed Shot,Jump Shot,1,3,242
0022500128,352,PT11M14.00S,3,0,,1610612739,,,0,0,0,,0,,,0,v,Cavaliers Rebound,Rebound,Unknown,0,0,243
0022500128,358,PT11M05.00S,3,1610612738,BOS,1629674,Queta,N. Queta,0,0,0,,0,,,0,h,Queta S.FOUL (P1.T1) (T.Maddox),Foul,Shooting,1,0,244
0022500128,360,PT11M05.00S,3,1610612739,CLE,1629631,Hunter,D. Hunter,0,0,0,,0,75,61,136,v,Hunter Free Throw 1 of 2 (9 PTS),Free Throw,Free Throw 1 of 2,1,0,245
0022500128,361,PT11M05.00S,3,1610612739,CLE,1629631,Hunter,D. Hunter,0,0,0,,0,75,62,137,v,Hunter Free Throw 2 of 2 (10 PTS),Free Throw,Free Throw 2 of 2,1,0,246
0022500128,362,PT10M47.00S,3,1610612738,BOS,1627759,Brown,J. Brown,-47,32,6,Missed,1,,,0,h,MISS Brown 6' Driving Layup,Missed Shot,Driving Layup Shot,1,2,247
0022500128,362,PT10M47.00S,3,1610612739,CLE,1628386,Allen,J. Allen,0,0,0,,0,,,0,v,Allen BLOCK (1 BLK),,,1,2,248
0022500128,363,PT10M44.00S,3,1610612739,CLE,1630596,Mobley,E. Mobley,0,0,0,,0,,,0,v,Mobley REBOUND (Off:2 Def:4),Rebound,Unknown,1,0,249
0022500128,364,PT10M43.00S,3,1610612739,CLE,1630596,Mobley,E. Mobley,0,0,0,,0,,,0,v,Mobley Bad Pass Turnover (P3.T9),Turnover,Bad Pass,1,0,250
0022500128,364,PT10M43.00S,3,1610612738,BOS,1629674,Queta,N. Queta,0,0,0,,0,,,0,h,Queta STEAL (1 STL),,,1,0,251
0022500128,366,PT10M40.00S,3,1610612738,BOS,1627759,Brown,J. Brown,-62,15,6,Made,1,77,62,139,h,Brown 6' Driving Layup (24 PTS) (Queta 3 AST),Made Shot,Driving Layup Shot,1,2,252
0022500128,368,PT10M19.00S,3,1610612739,CLE,1629731,Wade,D. Wade,-131,204,24,Made,1,77,65,142,v,Wade 24' 3PT Jump Shot (6 PTS) (Hunter 2 AST),Made Shot,Jump Shot,1,3,253
0022500128,370,PT09M58.00S,3,1610612738,BOS,1631169,Minott,J. Minott,230,62,24,Made,1,80,65,145,h,Minott 24' 3PT Jump Shot (8 PTS) (Brown 2 AST),Made Shot,Jump Shot,1,3,254
0022500128,373,PT09M45.00S,3,1610612739,CLE,1629731,Wade,D. Wade,-167,185,25,Missed,1,,,0,v,MISS Wade 25' 3PT Jump Shot,Missed Shot,Jump Shot,1,3,255
0022500128,374,PT09M42.00S,3,1610612738,BOS,1631169,Minott,J. Minott,0,0,0,,0,,,0,h,Minott REBOUND (Off:1 Def:5),Rebound,Unknown,1,0,256
0022500128,375,PT09M42.00S,3,1610612739,CLE,1628378,Mitchell,D. Mitchell,0,0,0,,0,,,0,v,Mitchell P.FOUL (P3.T1) (P.Fraher),Foul,Personal,1,0,257
0022500128,377,PT09M42.00S,3,0,,375,Rider,I. Rider,0,0,0,,0,80,65,145,,Instant Replay3rd Period (8:31 PM EST),Instant Replay,Support Ruling,0,0,258
0022500128,378,PT09M30.00S,3,1610612739,CLE,1629731,Wade,D. Wade,0,0,0,,0,,,0,v,Wade P.FOUL (P1.T2) (T.Maddox),Foul,Personal,1,0,259
0022500128,380,PT09M19.00S,3,1610612738,BOS,1628401,White,D. White,-202,153,25,Missed,1,,,0,h,MISS White 25' 3PT Jump Shot,Missed Shot,Jump Shot,1,3,260
0022500128,381,PT09M16.00S,3,1610612739,CLE,1630596,Mobley,E. Mobley,0,0,0,,0,,,0,v,Mobley REBOUND (Off:2 Def:5),Rebound,Unknown,1,0,261
0022500128,382,PT09M11.00S,3,1610612739,CLE,1629631,Hunter,D. Hunter,109,234,26,Missed,1,,,0,v,MISS Hunter 26' 3PT Running Pull-Up Jump Shot,Missed Shot,Running Pull-Up Jump Shot,1,3,262
0022500128,383,PT09M09.00S,3,1610612738,BOS,1631169,Minott,J. Minott,0,0,0,,0,,,0,h,Minott REBOUND (Off:1 Def:6),Rebound,Unknown,1,0,263
0022500128,384,PT09M03.00S,3,1610612738,BOS,1627759,Brown,J. Brown,-98,238,26,Missed,1,,,0,h,MISS Brown 26' 3PT Running Pull-Up Jump Shot,Missed Shot,Running Pull-Up Jump Shot,1,3,264
0022500128,385,PT08M59.00S,3,1610612739,CLE,1629631,Hunter,D. Hunter,0,0,0,,0,,,0,v,Hunter REBOUND (Off:0 Def:4),Rebound,Unknown,1,0,265
0022500128,386,PT08M49.00S,3,1610612739,CLE,1630596,Mobley,E. Mobley,31,62,7,Missed,1,,,0,v,MISS Mobley 7' Turnaround Jump Shot,Missed Shot,Turnaround Jump Shot,1,2,266
0022500128,387,PT08M46.00S,3,1610612738,BOS,1629674,Queta,N. Queta,0,0,0,,0,,,0,h,Queta REBOUND (Off:4 Def:4),Rebound,Unknown,1,0,267
0022500128,388,PT08M32.00S,3,1610612738,BOS,1627759,Brown,J. Brown,-45,47,7,Missed,1,,,0,h,MISS Brown 7' Turnaround Hook Shot,Missed Shot,Turnaround Hook Shot,1,2,268
0022500128,389,PT08M29.00S,3,1610612738,BOS,1629674,Queta,N. Queta,0,0,0,,0,,,0,h,Queta REBOUND (Off:5 Def:4),Rebound,Unknown,1,0,269
0022500128,390,PT08M28.00S,3,1610612739,CLE,1628386,Allen,J. Allen,0,0,0,,0,,,0,v,Allen S.FOUL (P1.T3) (S.Mitchell),Foul,Shooting,1,0,270
0022500128,392,PT08M28.00S,3,1610612738,BOS,1629674,Queta,N. Queta,0,0,0,,0,81,65,146,h,Queta Free Throw 1 of 2 (7 PTS),Free Throw,Free Throw 1 of 2,1,0,271
0022500128,393,PT08M28.00S,3,1610612738,BOS,1629674,Queta,N. Queta,0,0,0,,0,82,65,147,h,Queta Free Throw 2 of 2 (8 PTS),Free Throw,Free Throw 2 of 2,1,0,272
0022500128,394,PT08M17.00S,3,1610612739,CLE,1630596,Mobley,E. Mobley,-81,35,9,Missed,1,,,0,v,MISS Mobley 9' Cutting Layup Shot,Missed Shot,Cutting Layup Shot,1,2,273
0022500128,396,PT08M16.00S,3,1610612738,BOS,1629674,Queta,N. Queta,0,0,0,,0,,,0,h,Queta REBOUND (Off:5 Def:5),Rebound,Unknown,1,0,274
0022500128,428,PT08M15.00S,3,1610612738,BOS,1629674,Queta,N. Queta,0,0,0,,0,,,0,h,Queta Lost Ball Turnover (P1.T7),Turnover,Lost Ball,1,0,275
0022500128,428,PT08M15.00S,3,1610612739,CLE,1630596,Mobley,E. Mobley,0,0,0,,0,,,0,v,Mobley STEAL (1 STL),,,1,0,276
0022500128,397,PT08M12.00S,3,1610612739,CLE,1630596,Mobley,E. Mobley,-6,-7,1,Missed,1,,,0,v,MISS Mobley 1' Alley Oop Dunk,Missed Shot,Alley Oop Dunk Shot,1,2,277
0022500128,398,PT08M09.00S,3,0,,1610612739,,,0,0,0,,0,,,0,v,Cavaliers Rebound,Rebound,Unknown,1,0,278
0022500128,399,PT08M09.00S,3,1610612738,BOS,1630202,Pritchard,P. Pritchard,0,0,0,,0,,,0,h,Pritchard L.B.FOUL (P1.T2) (S.Mitchell),Foul,Loose Ball,1,0,279
0022500128,401,PT08M00.00S,3,1610612739,CLE,1629631,Hunter,D. Hunter,-237,55,24,Made,1,82,68,150,v,Hunter 24' 3PT Jump Shot (13 PTS) (Mitchell 3 AST),Made Shot,Jump Shot,1,3,280
0022500128,403,PT08M00.00S,3,1610612738,BOS,1631169,Minott,J. Minott,0,0,0,,0,,,0,h,Minott S.FOUL (P3.T3) (P.Fraher),Foul,Shooting,1,0,281
0022500128,405,PT08M00.00S,3,1610612739,CLE,1629631,Hunter,D. Hunter,0,0,0,,0,82,69,151,v,Hunter Free Throw 1 of 1 (14 PTS),Free Throw,Free Throw 1 of 1,1,0,282
0022500128,406,PT07M50.00S,3,1610612738,BOS,1627759,Brown,J. Brown,138,41,14,Made,1,84,69,153,h,Brown 14' Driving Floating Bank Jump Shot (26 PTS),Made Shot,Driving Floating Bank Jump Shot,1,2,283
0022500128,407,PT07M35.00S,3,1610612739,CLE,1629631,Hunter,D. Hunter,-121,175,21,Made,1,84,71,155,v,Hunter 21' Pullup Jump Shot (16 PTS) (Mitchell 4 AST),Made Shot,Pullup Jump shot,1,2,284
0022500128,409,PT07M18.00S,3,1610612739,CLE,1629731,Wade,D. Wade,0,0,0,,0,,,0,v,Wade S.FOUL (P2.T4) (T.Maddox),Foul,Shooting,1,0,285
0022500128,411,PT07M18.00S,3,1610612738,BOS,1628401,White,D. White,0,0,0,,0,85,71,156,h,White Free Throw 1 of 2 (13 PTS),Free Throw,Free Throw 1 of 2,1,0,286
0022500128,412,PT07M18.00S,3,1610612738,BOS,1629674,Queta,N. Queta,0,0,0,,0,,,0,h,SUB: Garza FOR Queta,Substitution,,0,0,287
0022500128,413,PT07M18.00S,3,1610612739,CLE,1628386,Allen,J. Allen,0,0,0,,0,,,0,v,SUB: Tyson FOR Allen,Substitution,,0,0,288
0022500128,414,PT07M18.00S,3,1610612739,CLE,1628378,Mitchell,D. Mitchell,0,0,0,,0,,,0,v,SUB: Ball FOR Mitchell,Substitution,,0,0,289
0022500128,418,PT07M18.00S,3,1610612738,BOS,1628401,White,D. White,0,0,0,,0,86,71,157,h,White Free Throw 2 of 2 (14 PTS),Free Throw,Free Throw 2 of 2,1,0,290
0022500128,419,PT07M08.00S,3,1610612739,CLE,1628366,Ball,L. Ball,0,0,0,,0,,,0,v,Ball Bad Pass Turnover (P1.T10),Turnover,Bad Pass,1,0,291
0022500128,419,PT07M08.00S,3,1610612738,BOS,1631169,Minott,J. Minott,0,0,0,,0,,,0,h,Minott STEAL (3 STL),,,1,0,292
0022500128,421,PT06M52.00S,3,1610612738,BOS,1628401,White,D. White,66,275,28,Missed,1,,,0,h,MISS White 28' 3PT Jump Shot,Missed Shot,Jump Shot,1,3,293
0022500128,422,PT06M49.00S,3,1610612738,BOS,1630568,Garza,L. Garza,0,0,0,,0,,,0,h,Garza REBOUND (Off:3 Def:0),Rebound,Unknown,1,0,294
0022500128,423,PT06M48.00S,3,1610612738,BOS,1630202,Pritchard,P. Pritchard,-211,128,25,Missed,1,,,0,h,MISS Pritchard 25' 3PT Jump Shot,Missed Shot,Jump Shot,1,3,295
0022500128,424,PT06M45.00S,3,1610612739,CLE,1642281,Tyson,J. Tyson,0,0,0,,0,,,0,v,Tyson REBOUND (Off:0 Def:2),Rebound,Unknown,1,0,296
0022500128,425,PT06M42.00S,3,1610612739,CLE,1629731,Wade,D. Wade,-142,210,25,Missed,1,,,0,v,MISS Wade 25' 3PT Running Jump Shot,Missed Shot,Running Jump Shot,1,3,297
0022500128,426,PT06M39.00S,3,1610612738,BOS,1628401,White,D. White,0,0,0,,0,,,0,h,White REBOUND (Off:0 Def:2),Rebound,Unknown,1,0,298
0022500128,427,PT06M28.00S,3,0,,1610612738,,,0,0,0,,0,,,0,h,CELTICS Timeout: Regular (Full 3 Short 0),Timeout,Regular,0,0,299
0022500128,430,PT06M28.00S,3,1610612738,BOS,1628401,White,D. White,0,0,0,,0,,,0,h,SUB: Simons FOR White,Substitution,,0,0,300
0022500128,431,PT06M28.00S,3,1610612739,CLE,1629731,Wade,D. Wade,0,0,0,,0,,,0,v,SUB: Porter Jr. FOR Wade,Substitution,,0,0,301
0022500128,434,PT06M26.00S,3,1610612738,BOS,1627759,Brown,J. Brown,-6,29,3,Made,1,88,71,159,h,Brown 3' Cutting Layup Shot (28 PTS) (Minott 1 AST),Made Shot,Cutting Layup Shot,1,2,302
0022500128,436,PT06M09.00S,3,1610612739,CLE,1629631,Hunter,D. Hunter,200,157,25,Missed,1,,,0,v,MISS Hunter 25' 3PT Jump Shot,Missed Shot,Jump Shot,1,3,303
0022500128,437,PT06M06.00S,3,1610612738,BOS,1630202,Pritchard,P. Pritchard,0,0,0,,0,,,0,h,Pritchard REBOUND (Off:0 Def:2),Rebound,Unknown,1,0,304
0022500128,438,PT06M02.00S,3,1610612739,CLE,1642281,Tyson,J. Tyson,0,0,0,,0,,,0,v,Tyson P.FOUL (P2.PN) (S.Mitchell),Foul,Personal,1,0,305
0022500128,440,PT06M02.00S,3,1610612738,BOS,1630568,Garza,L. Garza,0,0,0,,0,89,71,160,h,Garza Free Throw 1 of 2 (5 PTS),Free Throw,Free Throw 1 of 2,1,0,306
0022500128,441,PT06M02.00S,3,1610612738,BOS,1630568,Garza,L. Garza,0,0,0,,0,90,71,161,h,Garza Free Throw 2 of 2 (6 PTS),Free Throw,Free Throw 2 of 2,1,0,307
0022500128,442,PT05M51.00S,3,1610612739,CLE,1630596,Mobley,E. Mobley,82,252,27,Missed,1,,,0,v,MISS Mobley 27' 3PT Jump Shot,Missed Shot,Jump Shot,1,3,308
0022500128,443,PT05M47.00S,3,1610612739,CLE,1629631,Hunter,D. Hunter,0,0,0,,0,,,0,v,Hunter REBOUND (Off:1 Def:4),Rebound,Unknown,1,0,309
0022500128,448,PT05M47.00S,3,1610612739,CLE,1629631,Hunter,D. Hunter,0,0,0,,0,,,0,v,Hunter Lost Ball Turnover (P1.T11),Turnover,Lost Ball,1,0,310
0022500128,448,PT05M47.00S,3,1610612738,BOS,1627759,Brown,J. Brown,0,0,0,,0,,,0,h,Brown STEAL (1 STL),,,1,0,311
0022500128,446,PT05M47.00S,3,0,,1610612738,,,0,0,0,,0,,,0,h,CELTICS Timeout: Regular (Full 4 Short 0),Timeout,Regular,0,0,312
0022500128,447,PT05M47.00S,3,0,,444,,,0,0,0,,0,90,71,161,,Instant Replay3rd Period (8:45 PM EST),Instant Replay,Coach Challenge Overturn Ruling,0,0,313
0022500128,451,PT05M29.00S,3,1610612738,BOS,1630202,Pritchard,P. Pritchard,-105,272,29,Missed,1,,,0,h,MISS Pritchard 29' 3PT Jump Shot,Missed Shot,Jump Shot,1,3,314
0022500128,452,PT05M26.00S,3,1610612738,BOS,1630568,Garza,L. Garza,0,0,0,,0,,,0,h,Garza REBOUND (Off:4 Def:0),Rebound,Unknown,1,0,315
0022500128,453,PT05M20.00S,3,1610612738,BOS,1631169,Minott,J. Minott,115,244,27,Missed,1,,,0,h,MISS Minott 27' 3PT Jump Shot,Missed Shot,Jump Shot,1,3,316
0022500128,454,PT05M16.00S,3,1610612738,BOS,1631169,Minott,J. Minott,0,0,0,,0,,,0,h,Minott REBOUND (Off:2 Def:6),Rebound,Unknown,1,0,317
0022500128,455,PT05M14.00S,3,1610612738,BOS,1630202,Pritchard,P. Pritchard,0,0,0,,0,,,0,h,Pritchard Out of Bounds Lost Ball Turnover (P1.T8),Turnover,Out of Bounds Lost Ball Turnover,1,0,318
0022500128,456,PT05M05.00S,3,1610612739,CLE,1628366,Ball,L. Ball,-159,198,25,Missed,1,,,0,v,MISS Ball 25' 3PT Step Back Jump Shot,Missed Shot,Step Back Jump shot,1,3,319
0022500128,457,PT05M03.00S,3,1610612739,CLE,1642281,Tyson,J. Tyson,0,0,0,,0,,,0,v,Tyson REBOUND (Off:1 Def:2),Rebound,Unknown,1,0,320
0022500128,458,PT05M01.00S,3,1610612739,CLE,1628366,Ball,L. Ball,-56,266,27,Missed,1,,,0,v,MISS Ball 27' 3PT Jump Shot,Missed Shot,Jump Shot,1,3,321
0022500128,459,PT05M01.00S,3,1610612738,BOS,1631169,Minott,J. Minott,0,0,0,,0,,,0,h,Minott REBOUND (Off:2 Def:7),Rebound,Unknown,1,0,322
0022500128,460,PT04M50.00S,3,1610612738,BOS,1627759,Brown,J. Brown,188,163,25,Missed,1,,,0,h,MISS Brown 25' 3PT Step Back Jump Shot,Missed Shot,Step Back Jump shot,1,3,323
0022500128,461,PT04M49.00S,3,0,,1610612738,,,0,0,0,,0,,,0,h,CELTICS Rebound,Rebound,Unknown,1,0,324
0022500128,463,PT04M40.00S,3,1610612738,BOS,1630568,Garza,L. Garza,-21,268,27,Missed,1,,,0,h,MISS Garza 27' 3PT Jump Shot,Missed Shot,Jump Shot,1,3,325
0022500128,464,PT04M35.00S,3,1610612739,CLE,1629631,Hunter,D. Hunter,0,0,0,,0,,,0,v,Hunter REBOUND (Off:1 Def:5),Rebound,Unknown,1,0,326
0022500128,465,PT04M29.00S,3,1610612739,CLE,1629631,Hunter,D. Hunter,28,9,3,Made,1,90,73,163,v,Hunter 3' Driving Layup (18 PTS) (Mobley 2 AST),Made Shot,Driving Layup Shot,1,2,327
0022500128,466,PT04M05.00S,3,1610612738,BOS,1630568,Garza,L. Garza,37,57,7,Made,1,92,73,165,h,Garza 7' Turnaround Hook Shot (8 PTS),Made Shot,Turnaround Hook Shot,1,2,328
0022500128,467,PT03M57.00S,3,1610612739,CLE,1642281,Tyson,J. Tyson,42,31,5,Made,1,92,75,167,v,Tyson 5' Cutting Layup Shot (9 PTS) (Mobley 3 AST),Made Shot,Cutting Layup Shot,1,2,329
0022500128,468,PT03M57.00S,3,1610612738,BOS,1630568,Garza,L. Garza,0,0,0,,0,,,0,h,Garza S.FOUL (P3.T4) (P.Fraher),Foul,Shooting,1,0,330
0022500128,470,PT03M57.00S,3,1610612738,BOS,1627759,Brown,J. Brown,0,0,0,,0,,,0,h,SUB: White FOR Brown,Substitution,,0,0,331
0022500128,471,PT03M57.00S,3,1610612738,BOS,1631169,Minott,J. Minott,0,0,0,,0,,,0,h,SUB: Hauser FOR Minott,Substitution,,0,0,332
0022500128,472,PT03M57.00S,3,1610612738,BOS,1630202,Pritchard,P. Pritchard,0,0,0,,0,,,0,h,SUB: Scheierman FOR Pritchard,Substitution,,0,0,333
0022500128,473,PT03M57.00S,3,1610612738,BOS,1630568,Garza,L. Garza,0,0,0,,0,,,0,h,SUB: Queta FOR Garza,Substitution,,0,0,334
0022500128,474,PT03M57.00S,3,1610612739,CLE,1630596,Mobley,E. Mobley,0,0,0,,0,,,0,v,SUB: Allen FOR Mobley,Substitution,,0,0,335
0022500128,475,PT03M57.00S,3,1610612739,CLE,1629631,Hunter,D. Hunter,0,0,0,,0,,,0,v,SUB: Mitchell FOR Hunter,Substitution,,0,0,336
0022500128,483,PT03M57.00S,3,1610612739,CLE,1642281,Tyson,J. Tyson,0,0,0,,0,92,76,168,v,Tyson Free Throw 1 of 1 (10 PTS),Free Throw,Free Throw 1 of 1,1,0,337
0022500128,484,PT03M41.00S,3,1610612738,BOS,1630573,Hauser,S. Hauser,-229,60,24,Missed,1,,,0,h,MISS Hauser 24' 3PT Jump Shot,Missed Shot,Jump Shot,1,3,338
0022500128,485,PT03M37.00S,3,1610612739,CLE,1628386,Allen,J. Allen,0,0,0,,0,,,0,v,Allen REBOUND (Off:1 Def:2),Rebound,Unknown,1,0,339
0022500128,486,PT03M24.00S,3,1610612739,CLE,1628386,Allen,J. Allen,-91,38,10,Made,1,92,78,170,v,Allen 10' Driving Floating Jump Shot (14 PTS) (Mitchell 5 AST),Made Shot,Driving Floating Jump Shot,1,2,340
0022500128,488,PT03M09.00S,3,1610612738,BOS,1628401,White,D. White,28,13,3,Missed,1,,,0,h,MISS White 3' Driving Layup,Missed Shot,Driving Layup Shot,1,2,341
0022500128,488,PT03M09.00S,3,1610612739,CLE,1628378,Mitchell,D. Mitchell,0,0,0,,0,,,0,v,Mitchell BLOCK (1 BLK),,,1,2,342
0022500128,490,PT03M07.00S,3,1610612738,BOS,1628401,White,D. White,0,0,0,,0,,,0,h,White REBOUND (Off:1 Def:2),Rebound,Unknown,1,0,343
0022500128,491,PT03M06.00S,3,1610612738,BOS,1628401,White,D. White,11,6,1,Missed,1,,,0,h,MISS White 1' Putback Layup,Missed Shot,Putback Layup Shot,1,2,344
0022500128,493,PT03M02.00S,3,1610612739,CLE,1628366,Ball,L. Ball,0,0,0,,0,,,0,v,Ball REBOUND (Off:0 Def:1),Rebound,Unknown,1,0,345
0022500128,494,PT02M57.00S,3,1610612739,CLE,1628386,Allen,J. Allen,-31,11,3,Made,1,92,80,172,v,Allen 3' Layup (16 PTS) (Porter Jr. 3 AST),Made Shot,Layup Shot,1,2,346
0022500128,496,PT02M43.00S,3,1610612738,BOS,1629014,Simons,A. Simons,-123,181,22,Missed,1,,,0,h,MISS Simons 22' Pullup Jump Shot,Missed Shot,Pullup Jump shot,1,2,347
0022500128,498,PT02M42.00S,3,1610612739,CLE,1642281,Tyson,J. Tyson,0,0,0,,0,,,0,v,Tyson REBOUND (Off:1 Def:3),Rebound,Unknown,1,0,348
0022500128,499,PT02M33.00S,3,1610612739,CLE,1628378,Mitchell,D. Mitchell,-33,29,4,Missed,1,,,0,v,MISS Mitchell 4' Running Layup,Missed Shot,Running Layup Shot,1,2,349
0022500128,500,PT02M31.00S,3,1610612738,BOS,1630573,Hauser,S. Hauser,0,0,0,,0,,,0,h,Hauser REBOUND (Off:1 Def:2),Rebound,Unknown,1,0,350
0022500128,501,PT02M25.00S,3,1610612738,BOS,1628401,White,D. White,17,5,2,Made,1,94,80,174,h,White 2' Driving Layup (16 PTS),Made Shot,Driving Layup Shot,1,2,351
0022500128,502,PT02M18.00S,3,1610612738,BOS,1631248,Scheierman,B. Scheierman,0,0,0,,0,,,0,h,Scheierman P.FOUL (P1.PN) (P.Fraher),Foul,Personal,1,0,352
0022500128,504,PT02M18.00S,3,1610612739,CLE,1628378,Mitchell,D. Mitchell,0,0,0,,0,,,0,v,MISS Mitchell Free Throw 1 of 2,Free Throw,Free Throw 1 of 2,1,0,353
0022500128,505,PT02M18.00S,3,0,,1610612739,,,0,0,0,,0,,,0,v,Cavaliers Rebound,Rebound,Normal Rebound,0,0,354
0022500128,506,PT02M18.00S,3,1610612739,CLE,1628378,Mitchell,D. Mitchell,0,0,0,,0,,,0,v,MISS Mitchell Free Throw 2 of 2,Free Throw,Free Throw 2 of 2,1,0,355
0022500128,507,PT02M18.00S,3,1610612738,BOS,1631248,Scheierman,B. Scheierman,0,0,0,,0,,,0,h,Scheierman REBOUND (Off:1 Def:1),Rebound,Unknown,1,0,356
0022500128,508,PT01M54.00S,3,1610612738,BOS,1629014,Simons,A. Simons,131,242,28,Made,1,97,80,177,h,Simons 28' 3PT Jump Bank Shot (11 PTS),Made Shot,Jump Bank Shot,1,3,357
0022500128,509,PT01M40.00S,3,1610612739,CLE,1628378,Mitchell,D. Mitchell,56,87,10,Missed,1,,,0,v,MISS Mitchell 10' Driving Floating Jump Shot,Missed Shot,Driving Floating Jump Shot,1,2,358
0022500128,510,PT01M38.00S,3,1610612738,BOS,1629674,Queta,N. Queta,0,0,0,,0,,,0,h,Queta REBOUND (Off:5 Def:6),Rebound,Unknown,1,0,359
0022500128,511,PT01M37.00S,3,1610612739,CLE,1642281,Tyson,J. Tyson,0,0,0,,0,,,0,v,Tyson P.FOUL (P3.PN) (T.Maddox),Foul,Personal,1,0,360
0022500128,513,PT01M37.00S,3,1610612738,BOS,1629674,Queta,N. Queta,0,0,0,,0,98,80,178,h,Queta Free Throw 1 of 2 (9 PTS),Free Throw,Free Throw 1 of 2,1,0,361
0022500128,514,PT01M37.00S,3,1610612738,BOS,1629674,Queta,N. Queta,0,0,0,,0,,,0,h,MISS Queta Free Throw 2 of 2,Free Throw,Free Throw 2 of 2,1,0,362
0022500128,515,PT01M35.00S,3,1610612739,CLE,1628366,Ball,L. Ball,0,0,0,,0,,,0,v,Ball REBOUND (Off:0 Def:2),Rebound,Unknown,1,0,363
0022500128,517,PT01M19.00S,3,1610612739,CLE,1628366,Ball,L. Ball,228,94,25,Missed,1,,,0,v,MISS Ball 25' 3PT Jump Shot,Missed Shot,Jump Shot,1,3,364
0022500128,518,PT01M16.00S,3,1610612739,CLE,1641854,Porter Jr.,C. Porter Jr.,0,0,0,,0,,,0,v,Porter Jr. REBOUND (Off:1 Def:0),Rebound,Unknown,1,0,365
0022500128,519,PT01M16.00S,3,1610612739,CLE,1641854,Porter Jr.,C. Porter Jr.,-71,33,8,Missed,1,,,0,v,MISS Porter Jr. 8' Putback Layup,Missed Shot,Putback Layup Shot,1,2,366
0022500128,520,PT01M13.00S,3,1610612739,CLE,1628386,Allen,J. Allen,0,0,0,,0,,,0,v,Allen REBOUND (Off:2 Def:2),Rebound,Unknown,1,0,367
0022500128,521,PT01M12.00S,3,1610612739,CLE,1642281,Tyson,J. Tyson,-232,84,25,Made,1,98,83,181,v,Tyson 25' 3PT Jump Shot (13 PTS) (Allen 1 AST),Made Shot,Jump Shot,1,3,368
0022500128,523,PT00M53.30S,3,1610612738,BOS,1628401,White,D. White,98,157,19,Missed,1,,,0,h,MISS White 19' Pullup Jump Shot,Missed Shot,Pullup Jump shot,1,2,369
0022500128,524,PT00M51.30S,3,1610612739,CLE,1628386,Allen,J. Allen,0,0,0,,0,,,0,v,Allen REBOUND (Off:2 Def:3),Rebound,Unknown,1,0,370
0022500128,525,PT00M37.20S,3,1610612739,CLE,1642281,Tyson,J. Tyson,114,222,25,Missed,1,,,0,v,MISS Tyson 25' 3PT Jump Shot,Missed Shot,Jump Shot,1,3,371
0022500128,526,PT00M33.60S,3,1610612739,CLE,1641854,Porter Jr.,C. Porter Jr.,0,0,0,,0,,,0,v,Porter Jr. REBOUND (Off:2 Def:0),Rebound,Unknown,1,0,372
0022500128,527,PT00M31.00S,3,1610612739,CLE,1642281,Tyson,J. Tyson,17,14,2,Made,1,98,85,183,v,Tyson 2' Cutting Layup Shot (15 PTS) (Porter Jr. 4 AST),Made Shot,Cutting Layup Shot,1,2,373
0022500128,529,PT00M16.70S,3,1610612738,BOS,1630573,Hauser,S. Hauser,-143,249,29,Missed,1,,,0,h,MISS Hauser 29' 3PT Jump Shot,Missed Shot,Jump Shot,1,3,374
0022500128,530,PT00M13.70S,3,1610612739,CLE,1628386,Allen,J. Allen,0,0,0,,0,,,0,v,Allen REBOUND (Off:2 Def:4),Rebound,Unknown,1,0,375
0022500128,531,PT00M01.70S,3,1610612739,CLE,1628366,Ball,L. Ball,-72,257,27,Missed,1,,,0,v,MISS Ball 27' 3PT Jump Shot,Missed Shot,Jump Shot,1,3,376
0022500128,532,PT00M01.70S,3,0,,1610612739,,,0,0,0,,0,,,0,v,Cavaliers Rebound,Rebound,Unknown,0,0,377
0022500128,533,PT00M00.00S,3,0,,0,,,0,0,0,,0,98,85,183,,End of 3rd Period (8:58 PM EST),period,end,1,0,378
0022500128,543,PT12M00.00S,4,0,,0,,,0,0,0,,0,98,85,183,,Start of 4th Period (9:02 PM EST),period,start,0,0,379
0022500128,544,PT11M35.00S,4,1610612739,CLE,1641854,Porter Jr.,C. Porter Jr.,92,242,26,Made,1,98,88,186,v,Porter Jr. 26' 3PT Pullup Jump Shot (6 PTS) (Mobley 4 AST),Made Shot,Pullup Jump shot,1,3,380
0022500128,546,PT11M18.00S,4,1610612738,BOS,1627759,Brown,J. Brown,67,15,7,Made,1,100,88,188,h,Brown 7' Driving Layup (30 PTS),Made Shot,Driving Layup Shot,1,2,381
0022500128,547,PT11M06.00S,4,1610612738,BOS,1631169,Minott,J. Minott,0,0,0,,0,,,0,h,Minott S.FOUL (P4.T1) (S.Mitchell),Foul,Shooting,1,0,382
0022500128,549,PT11M06.00S,4,1610612739,CLE,1630596,Mobley,E. Mobley,0,0,0,,0,100,89,189,v,Mobley Free Throw 1 of 2 (10 PTS),Free Throw,Free Throw 1 of 2,1,0,383
0022500128,550,PT11M06.00S,4,1610612739,CLE,1630596,Mobley,E. Mobley,0,0,0,,0,,,0,v,MISS Mobley Free Throw 2 of 2,Free Throw,Free Throw 2 of 2,1,0,384
0022500128,551,PT11M06.00S,4,1610612738,BOS,1627759,Brown,J. Brown,0,0,0,,0,,,0,h,Brown REBOUND (Off:0 Def:4),Rebound,Unknown,1,0,385
0022500128,552,PT11M00.00S,4,1610612739,CLE,1642281,Tyson,J. Tyson,0,0,0,,0,,,0,v,Tyson P.FOUL (P4.T1) (P.Fraher),Foul,Personal,1,0,386
0022500128,554,PT10M52.00S,4,1610612739,CLE,1628378,Mitchell,D. Mitchell,0,0,0,,0,,,0,v,Mitchell P.FOUL (P4.T2) (P.Fraher),Foul,Personal,1,0,387
0022500128,556,PT10M44.00S,4,1610612738,BOS,1630573,Hauser,S. Hauser,64,301,31,Made,1,103,89,192,h,Hauser 31' 3PT Jump Shot (18 PTS) (Brown 3 AST),Made Shot,Jump Shot,1,3,388
0022500128,558,PT10M30.00S,4,1610612739,CLE,1626204,Nance Jr.,L. Nance Jr.,214,137,25,Missed,1,,,0,v,MISS Nance Jr. 25' 3PT Jump Shot,Missed Shot,Jump Shot,1,3,389
0022500128,559,PT10M27.00S,4,1610612739,CLE,1642281,Tyson,J. Tyson,0,0,0,,0,,,0,v,Tyson REBOUND (Off:2 Def:3),Rebound,Unknown,1,0,390
0022500128,560,PT10M26.00S,4,1610612739,CLE,1642281,Tyson,J. Tyson,-20,6,2,Made,1,103,91,194,v,Tyson 2' Putback Layup (17 PTS),Made Shot,Putback Layup Shot,1,2,391
0022500128,562,PT10M08.00S,4,1610612738,BOS,1631169,Minott,J. Minott,-234,74,25,Missed,1,,,0,h,MISS Minott 25' 3PT Jump Shot,Missed Shot,Jump Shot,1,3,392
0022500128,563,PT10M05.00S,4,1610612739,CLE,1628378,Mitchell,D. Mitchell,0,0,0,,0,,,0,v,Mitchell REBOUND (Off:0 Def:3),Rebound,Unknown,1,0,393
0022500128,564,PT10M03.00S,4,1610612739,CLE,1628378,Mitchell,D. Mitchell,-75,242,25,Missed,1,,,0,v,MISS Mitchell 25' 3PT Running Pull-Up Jump Shot,Missed Shot,Running Pull-Up Jump Shot,1,3,394
0022500128,565,PT09M59.00S,4,1610612738,BOS,1627759,Brown,J. Brown,0,0,0,,0,,,0,h,Brown REBOUND (Off:0 Def:5),Rebound,Unknown,1,0,395
0022500128,566,PT09M53.00S,4,1610612738,BOS,1630573,Hauser,S. Hauser,-165,221,28,Missed,1,,,0,h,MISS Hauser 28' 3PT Running Jump Shot,Missed Shot,Running Jump Shot,1,3,396
0022500128,567,PT09M50.00S,4,1610612739,CLE,1626204,Nance Jr.,L. Nance Jr.,0,0,0,,0,,,0,v,Nance Jr. REBOUND (Off:0 Def:2),Rebound,Unknown,1,0,397
0022500128,568,PT09M46.00S,4,1610612739,CLE,1630596,Mobley,E. Mobley,-34,26,4,Made,1,103,93,196,v,Mobley 4' Driving Floating Bank Jump Shot (12 PTS) (Nance Jr. 2 AST),Made Shot,Driving Floating Bank Jump Shot,1,2,398
0022500128,569,PT09M46.00S,4,1610612738,BOS,1627759,Brown,J. Brown,0,0,0,,0,,,0,h,Brown S.FOUL (P3.T2) (P.Fraher),Foul,Shooting,1,0,399
0022500128,571,PT09M46.00S,4,1610612739,CLE,1630596,Mobley,E. Mobley,0,0,0,,0,103,94,197,v,Mobley Free Throw 1 of 1 (13 PTS),Free Throw,Free Throw 1 of 1,1,0,400
0022500128,572,PT09M31.00S,4,1610612739,CLE,1626204,Nance Jr.,L. Nance Jr.,0,0,0,,0,,,0,v,Nance Jr. P.FOUL (P2.T3) (T.Maddox),Foul,Personal,1,0,401
0022500128,574,PT09M31.00S,4,1610612739,CLE,1641854,Porter Jr.,C. Porter Jr.,0,0,0,,0,,,0,v,SUB: Ball FOR Porter Jr.,Substitution,,0,0,402
0022500128,576,PT09M21.00S,4,1610612738,BOS,1630573,Hauser,S. Hauser,-169,202,26,Missed,1,,,0,h,MISS Hauser 26' 3PT Jump Shot,Missed Shot,Jump Shot,1,3,403
0022500128,577,PT09M17.00S,4,1610612739,CLE,1628378,Mitchell,D. Mitchell,0,0,0,,0,,,0,v,Mitchell REBOUND (Off:0 Def:4),Rebound,Unknown,1,0,404
0022500128,578,PT09M13.00S,4,1610612739,CLE,1626204,Nance Jr.,L. Nance Jr.,113,232,26,Missed,1,,,0,v,MISS Nance Jr. 26' 3PT Running Jump Shot,Missed Shot,Running Jump Shot,1,3,405
0022500128,579,PT09M10.00S,4,1610612738,BOS,1631169,Minott,J. Minott,0,0,0,,0,,,0,h,Minott REBOUND (Off:2 Def:8),Rebound,Unknown,1,0,406
0022500128,580,PT09M04.00S,4,1610612738,BOS,1631169,Minott,J. Minott,225,5,0,Made,1,106,94,200,h,Minott 3PT Jump Shot (11 PTS) (White 4 AST),Made Shot,Jump Shot,1,3,407
0022500128,582,PT08M43.00S,4,1610612739,CLE,1642281,Tyson,J. Tyson,18,41,4,Made,1,106,96,202,v,Tyson 4' Cutting Layup Shot (19 PTS) (Mitchell 6 AST),Made Shot,Cutting Layup Shot,1,2,408
0022500128,584,PT08M43.00S,4,1610612738,BOS,1627759,Brown,J. Brown,0,0,0,,0,,,0,h,Brown S.FOUL (P4.T3) (T.Maddox),Foul,Shooting,1,0,409
0022500128,586,PT08M43.00S,4,1610612739,CLE,1628378,Mitchell,D. Mitchell,0,0,0,,0,,,0,v,SUB: Hunter FOR Mitchell,Substitution,,0,0,410
0022500128,588,PT08M43.00S,4,1610612739,CLE,1642281,Tyson,J. Tyson,0,0,0,,0,,,0,v,MISS Tyson Free Throw 1 of 1,Free Throw,Free Throw 1 of 1,1,0,411
0022500128,589,PT08M39.00S,4,0,,1610612739,,,0,0,0,,0,,,0,v,Cavaliers Rebound,Rebound,Unknown,0,0,412
0022500128,591,PT08M39.00S,4,1610612738,BOS,1630573,Hauser,S. Hauser,0,0,0,,0,,,0,h,SUB: Garza FOR Hauser,Substitution,,0,0,413
0022500128,593,PT08M34.00S,4,1610612739,CLE,1629631,Hunter,D. Hunter,75,78,11,Missed,1,,,0,v,MISS Hunter 11' Driving Layup,Missed Shot,Driving Layup Shot,1,2,414
0022500128,593,PT08M34.00S,4,1610612738,BOS,1630568,Garza,L. Garza,0,0,0,,0,,,0,h,Garza BLOCK (1 BLK),,,1,2,415
0022500128,594,PT08M33.00S,4,1610612738,BOS,1628401,White,D. White,0,0,0,,0,,,0,h,White REBOUND (Off:1 Def:3),Rebound,Unknown,1,0,416
0022500128,595,PT08M24.00S,4,1610612738,BOS,1627759,Brown,J. Brown,125,228,26,Missed,1,,,0,h,MISS Brown 26' 3PT Pullup Jump Shot,Missed Shot,Pullup Jump shot,1,3,417
0022500128,596,PT08M21.00S,4,1610612738,BOS,1631169,Minott,J. Minott,0,0,0,,0,,,0,h,Minott REBOUND (Off:3 Def:8),Rebound,Unknown,1,0,418
0022500128,597,PT08M19.00S,4,1610612738,BOS,1628401,White,D. White,-91,246,26,Made,1,109,96,205,h,White 26' 3PT Pullup Jump Shot (19 PTS) (Minott 2 AST),Made Shot,Pullup Jump shot,1,3,419
0022500128,599,PT07M58.00S,4,1610612739,CLE,1630596,Mobley,E. Mobley,-138,211,25,Missed,1,,,0,v,MISS Mobley 25' 3PT Jump Shot,Missed Shot,Jump Shot,1,3,420
0022500128,600,PT07M56.00S,4,1610612739,CLE,1630596,Mobley,E. Mobley,0,0,0,,0,,,0,v,Mobley REBOUND (Off:3 Def:5),Rebound,Unknown,1,0,421
0022500128,601,PT07M52.00S,4,1610612739,CLE,1642281,Tyson,J. Tyson,-134,219,26,Missed,1,,,0,v,MISS Tyson 26' 3PT Jump Shot,Missed Shot,Jump Shot,1,3,422
0022500128,602,PT07M49.00S,4,1610612739,CLE,1630596,Mobley,E. Mobley,0,0,0,,0,,,0,v,Mobley REBOUND (Off:4 Def:5),Rebound,Unknown,1,0,423
0022500128,603,PT07M49.00S,4,1610612739,CLE,1630596,Mobley,E. Mobley,0,0,0,Made,1,109,98,207,v,Mobley Tip Dunk Shot (15 PTS),Made Shot,Tip Dunk Shot,1,2,424
0022500128,604,PT07M28.00S,4,1610612738,BOS,1628401,White,D. White,-97,286,30,Missed,1,,,0,h,MISS White 30' 3PT Pullup Jump Shot,Missed Shot,Pullup Jump shot,1,3,425
0022500128,605,PT07M28.00S,4,0,,1610612739,,,0,0,0,,0,,,0,v,Cavaliers Rebound,Rebound,Unknown,0,0,426
0022500128,608,PT07M26.00S,4,1610612739,CLE,1630596,Mobley,E. Mobley,0,0,0,,0,,,0,v,SUB: Allen FOR Mobley,Substitution,,0,0,427
0022500128,609,PT07M26.00S,4,1610612739,CLE,1642281,Tyson,J. Tyson,0,0,0,,0,,,0,v,SUB: Wade FOR Tyson,Substitution,,0,0,428
0022500128,612,PT07M15.00S,4,1610612739,CLE,1628386,Allen,J. Allen,62,53,8,Missed,1,,,0,v,MISS Allen 8' Driving Hook Shot,Missed Shot,Driving Hook Shot,1,2,429
0022500128,613,PT07M12.00S,4,1610612738,BOS,1631169,Minott,J. Minott,0,0,0,,0,,,0,h,Minott REBOUND (Off:3 Def:9),Rebound,Unknown,1,0,430
0022500128,614,PT07M10.00S,4,1610612739,CLE,1626204,Nance Jr.,L. Nance Jr.,0,0,0,,0,,,0,v,Nance Jr. P.FOUL (P3.T4) (P.Fraher),Foul,Personal,1,0,431
0022500128,616,PT07M10.00S,4,1610612738,BOS,1627759,Brown,J. Brown,0,0,0,,0,,,0,h,SUB: Pritchard FOR Brown,Substitution,,0,0,432
0022500128,617,PT07M10.00S,4,1610612738,BOS,1631169,Minott,J. Minott,0,0,0,,0,,,0,h,SUB: Hauser FOR Minott,Substitution,,0,0,433
0022500128,621,PT06M54.00S,4,1610612738,BOS,1629014,Simons,A. Simons,-107,242,26,Made,1,112,98,210,h,Simons 26' 3PT Jump Shot (14 PTS) (Pritchard 10 AST),Made Shot,Jump Shot,1,3,434
0022500128,623,PT06M39.00S,4,1610612739,CLE,1629731,Wade,D. Wade,-89,250,27,Missed,1,,,0,v,MISS Wade 27' 3PT Jump Shot,Missed Shot,Jump Shot,1,3,435
0022500128,624,PT06M38.00S,4,0,,1610612739,,,0,0,0,,0,,,0,v,Cavaliers Rebound,Rebound,Unknown,0,0,436
0022500128,625,PT06M38.00S,4,1610612738,BOS,1629014,Simons,A. Simons,0,0,0,,0,,,0,h,Simons L.B.FOUL (P1.T4) (P.Fraher),Foul,Loose Ball,1,0,437
0022500128,627,PT06M38.00S,4,0,,1610612738,,,0,0,0,,0,,,0,h,CELTICS Timeout: Regular (Full 5 Short 0),Timeout,Regular,0,0,438
0022500128,628,PT06M38.00S,4,1610612738,BOS,1629014,Simons,A. Simons,0,0,0,,0,,,0,h,SUB: Minott FOR Simons,Substitution,,0,0,439
0022500128,629,PT06M38.00S,4,1610612739,CLE,1626204,Nance Jr.,L. Nance Jr.,0,0,0,,0,,,0,v,SUB: Mitchell FOR Nance Jr.,Substitution,,0,0,440
0022500128,630,PT06M38.00S,4,1610612739,CLE,1628386,Allen,J. Allen,0,0,0,,0,,,0,v,SUB: Mobley FOR Allen,Substitution,,0,0,441
0022500128,634,PT06M31.00S,4,1610612739,CLE,1630596,Mobley,E. Mobley,-17,6,2,Made,1,112,100,212,v,Mobley 2' Alley Oop Dunk (17 PTS) (Ball 4 AST),Made Shot,Alley Oop Dunk Shot,1,2,442
0022500128,636,PT06M10.00S,4,1610612738,BOS,1628401,White,D. White,56,274,28,Missed,1,,,0,h,MISS White 28' 3PT Pullup Jump Shot,Missed Shot,Pullup Jump shot,0,3,443
0022500128,637,PT06M07.00S,4,1610612739,CLE,1628366,Ball,L. Ball,0,0,0,,0,,,0,v,Ball REBOUND (Off:0 Def:3),Rebound,Unknown,1,0,444
0022500128,638,PT06M02.00S,4,1610612739,CLE,1630596,Mobley,E. Mobley,-23,-4,2,Made,1,112,102,214,v,Mobley 2' Running Layup (19 PTS) (Ball 5 AST),Made Shot,Running Layup Shot,1,2,445
0022500128,640,PT05M35.00S,4,1610612738,BOS,1631169,Minott,J. Minott,222,117,25,Missed,1,,,0,h,MISS Minott 25' 3PT Turnaround Jump Shot,Missed Shot,Turnaround Jump Shot,1,3,446
0022500128,641,PT05M31.00S,4,1610612739,CLE,1630596,Mobley,E. Mobley,0,0,0,,0,,,0,v,Mobley REBOUND (Off:4 Def:6),Rebound,Unknown,1,0,447
0022500128,642,PT05M27.00S,4,1610612739,CLE,1630596,Mobley,E. Mobley,-38,252,25,Missed,1,,,0,v,MISS Mobley 25' 3PT Running Pull-Up Jump Shot,Missed Shot,Running Pull-Up Jump Shot,1,3,448
0022500128,643,PT05M25.00S,4,1610612738,BOS,1631169,Minott,J. Minott,0,0,0,,0,,,0,h,Minott REBOUND (Off:3 Def:10),Rebound,Unknown,1,0,449
0022500128,754,PT05M25.00S,4,1610612738,BOS,1631169,Minott,J. Minott,0,0,0,,0,,,0,h,Minott Out of Bounds - Bad Pass Turnover Turnover (P2.T9),Turnover,Out of Bounds - Bad Pass Turnover,0,0,450
0022500128,645,PT05M25.00S,4,0,,1610612739,,,0,0,0,,0,,,0,v,Cavaliers Timeout: Regular (Reg.3 Short 0),Timeout,Regular,0,0,451
0022500128,646,PT05M25.00S,4,0,,644,,,0,0,0,,0,112,102,214,,Instant Replay4th Period (9:17 PM EST),Instant Replay,Coach Challenge Overturn Ruling,0,0,452
0022500128,647,PT05M25.00S,4,1610612738,BOS,1630568,Garza,L. Garza,0,0,0,,0,,,0,h,SUB: Queta FOR Garza,Substitution,,0,0,453
0022500128,649,PT05M20.00S,4,1610612739,CLE,1628378,Mitchell,D. Mitchell,37,260,26,Missed,1,,,0,v,MISS Mitchell 26' 3PT Jump Shot,Missed Shot,Jump Shot,1,3,454
0022500128,650,PT05M16.00S,4,1610612738,BOS,1629674,Queta,N. Queta,0,0,0,,0,,,0,h,Queta REBOUND (Off:5 Def:7),Rebound,Unknown,1,0,455
0022500128,651,PT05M03.00S,4,1610612738,BOS,1628401,White,D. White,140,214,26,Missed,1,,,0,h,MISS White 26' 3PT Jump Shot,Missed Shot,Jump Shot,1,3,456
0022500128,652,PT05M00.00S,4,1610612739,CLE,1629731,Wade,D. Wade,0,0,0,,0,,,0,v,Wade REBOUND (Off:0 Def:2),Rebound,Unknown,1,0,457
0022500128,653,PT04M58.00S,4,1610612739,CLE,1628378,Mitchell,D. Mitchell,0,0,0,,0,,,0,v,Mitchell Out of Bounds Lost Ball Turnover (P3.T12),Turnover,Out of Bounds Lost Ball Turnover,1,0,458
0022500128,654,PT04M38.00S,4,1610612738,BOS,1628401,White,D. White,31,110,11,Missed,1,,,0,h,MISS White 11' Driving Floating Jump Shot,Missed Shot,Driving Floating Jump Shot,1,2,459
0022500128,655,PT04M36.00S,4,1610612739,CLE,1630596,Mobley,E. Mobley,0,0,0,,0,,,0,v,Mobley REBOUND (Off:4 Def:7),Rebound,Unknown,1,0,460
0022500128,656,PT04M27.00S,4,1610612739,CLE,1630596,Mobley,E. Mobley,-169,197,26,Missed,1,,,0,v,MISS Mobley 26' 3PT Jump Shot,Missed Shot,Jump Shot,1,3,461
0022500128,657,PT04M25.00S,4,0,,1610612738,,,0,0,0,,0,,,0,h,CELTICS Rebound,Rebound,Unknown,0,0,462
0022500128,659,PT04M25.00S,4,1610612738,BOS,1630573,Hauser,S. Hauser,0,0,0,,0,,,0,h,SUB: Brown FOR Hauser,Substitution,,0,0,463
0022500128,661,PT04M11.00S,4,1610612738,BOS,1630202,Pritchard,P. Pritchard,25,136,14,Made,1,114,102,216,h,Pritchard 14' Driving Floating Jump Shot (5 PTS),Made Shot,Driving Floating Jump Shot,1,2,464
0022500128,662,PT04M01.00S,4,1610612739,CLE,1628366,Ball,L. Ball,0,0,0,,0,,,0,v,Ball Lost Ball Turnover (P2.T13),Turnover,Lost Ball,1,0,465
0022500128,662,PT04M01.00S,4,1610612738,BOS,1629674,Queta,N. Queta,0,0,0,,0,,,0,h,Queta STEAL (2 STL),,,1,0,466
0022500128,664,PT03M56.00S,4,1610612738,BOS,1630202,Pritchard,P. Pritchard,-45,12,5,Made,1,116,102,218,h,Pritchard 5' Running Layup (7 PTS) (Brown 4 AST),Made Shot,Running Layup Shot,1,2,467
0022500128,666,PT03M51.00S,4,0,,1610612739,,,0,0,0,,0,,,0,v,Cavaliers Timeout: Regular (Reg.4 Short 0),Timeout,Regular,0,0,468
0022500128,667,PT03M51.00S,4,1610612739,CLE,1628366,Ball,L. Ball,0,0,0,,0,,,0,v,SUB: Tyson FOR Ball,Substitution,,0,0,469
0022500128,670,PT03M38.00S,4,1610612739,CLE,1629631,Hunter,D. Hunter,-54,250,26,Missed,1,,,0,v,MISS Hunter 26' 3PT Jump Shot,Missed Shot,Jump Shot,1,3,470
0022500128,671,PT03M35.00S,4,1610612738,BOS,1628401,White,D. White,0,0,0,,0,,,0,h,White REBOUND (Off:1 Def:4),Rebound,Unknown,1,0,471
0022500128,672,PT03M15.00S,4,1610612738,BOS,1630202,Pritchard,P. Pritchard,69,160,17,Missed,1,,,0,h,MISS Pritchard 17' Step Back Jump Shot,Missed Shot,Step Back Jump shot,1,2,472
0022500128,673,PT03M10.00S,4,1610612738,BOS,1631169,Minott,J. Minott,0,0,0,,0,,,0,h,Minott REBOUND (Off:4 Def:10),Rebound,Unknown,1,0,473
0022500128,674,PT03M07.00S,4,1610612738,BOS,1630202,Pritchard,P. Pritchard,191,167,25,Missed,1,,,0,h,MISS Pritchard 25' 3PT Jump Shot,Missed Shot,Jump Shot,1,3,474
0022500128,675,PT03M03.00S,4,1610612739,CLE,1629731,Wade,D. Wade,0,0,0,,0,,,0,v,Wade REBOUND (Off:0 Def:3),Rebound,Unknown,1,0,475
0022500128,676,PT02M56.00S,4,1610612739,CLE,1629631,Hunter,D. Hunter,33,146,15,Missed,1,,,0,v,MISS Hunter 15' Step Back Jump Shot,Missed Shot,Step Back Jump shot,1,2,476
0022500128,677,PT02M53.00S,4,0,,1610612739,,,0,0,0,,0,,,0,v,Cavaliers Rebound,Rebound,Unknown,0,0,477
0022500128,679,PT02M51.00S,4,1610612739,CLE,1630596,Mobley,E. Mobley,-188,167,25,Missed,1,,,0,v,MISS Mobley 25' 3PT Jump Shot,Missed Shot,Jump Shot,1,3,478
0022500128,680,PT02M49.00S,4,1610612738,BOS,1629674,Queta,N. Queta,0,0,0,,0,,,0,h,Queta REBOUND (Off:5 Def:8),Rebound,Unknown,1,0,479
0022500128,681,PT02M47.00S,4,1610612739,CLE,1642281,Tyson,J. Tyson,0,0,0,,0,,,0,v,Tyson P.FOUL (P5.PN) (T.Maddox),Foul,Personal,1,0,480
0022500128,683,PT02M47.00S,4,1610612738,BOS,1629674,Queta,N. Queta,0,0,0,,0,117,102,219,h,Queta Free Throw 1 of 2 (10 PTS),Free Throw,Free Throw 1 of 2,1,0,481
0022500128,744,PT02M47.00S,4,1610612738,BOS,1627759,Brown,J. Brown,0,0,0,,0,,,0,h,SUB: Hauser FOR Brown,Substitution,,0,0,482
0022500128,745,PT02M47.00S,4,1610612739,CLE,1630596,Mobley,E. Mobley,0,0,0,,0,,,0,v,SUB: Bryant FOR Mobley,Substitution,,0,0,483
0022500128,746,PT02M47.00S,4,1610612739,CLE,1629631,Hunter,D. Hunter,0,0,0,,0,,,0,v,SUB: Proctor FOR Hunter,Substitution,,0,0,484
0022500128,747,PT02M47.00S,4,1610612739,CLE,1629731,Wade,D. Wade,0,0,0,,0,,,0,v,SUB: Travers FOR Wade,Substitution,,0,0,485
0022500128,748,PT02M47.00S,4,1610612739,CLE,1628378,Mitchell,D. Mitchell,0,0,0,,0,,,0,v,SUB: Porter Jr. FOR Mitchell,Substitution,,0,0,486
0022500128,694,PT02M47.00S,4,1610612738,BOS,1629674,Queta,N. Queta,0,0,0,,0,,,0,h,MISS Queta Free Throw 2 of 2,Free Throw,Free Throw 2 of 2,1,0,487
0022500128,695,PT02M45.00S,4,1610612738,BOS,1631169,Minott,J. Minott,0,0,0,,0,,,0,h,Minott REBOUND (Off:5 Def:10),Rebound,Unknown,1,0,488
0022500128,742,PT02M31.00S,4,1610612738,BOS,1628401,White,D. White,-141,200,24,Missed,1,,,0,h,MISS White 24' 3PT Jump Shot,Missed Shot,Jump Shot,1,3,489
0022500128,743,PT02M31.00S,4,0,,1610612739,,,0,0,0,,0,,,0,v,Cavaliers Rebound,Rebound,Unknown,0,0,490
0022500128,698,PT02M22.00S,4,1610612739,CLE,1642281,Tyson,J. Tyson,0,0,0,,0,,,0,v,Tyson Bad Pass Turnover (P3.T14),Turnover,Bad Pass,1,0,491
0022500128,698,PT02M22.00S,4,1610612738,BOS,1629674,Queta,N. Queta,0,0,0,,0,,,0,h,Queta STEAL (3 STL),,,1,0,492
0022500128,701,PT02M06.00S,4,1610612739,CLE,1628418,Bryant,T. Bryant,0,0,0,,0,,,0,v,Bryant P.FOUL (P1.PN) (T.Maddox),Foul,Personal,1,0,493
0022500128,703,PT02M06.00S,4,1610612738,BOS,1630202,Pritchard,P. Pritchard,0,0,0,,0,118,102,220,h,Pritchard Free Throw 1 of 2 (8 PTS),Free Throw,Free Throw 1 of 2,1,0,494
0022500128,704,PT02M06.00S,4,1610612738,BOS,1628401,White,D. White,0,0,0,,0,,,0,h,SUB: Scheierman FOR White,Substitution,,0,0,495
0022500128,706,PT02M06.00S,4,1610612738,BOS,1630202,Pritchard,P. Pritchard,0,0,0,,0,,,0,h,MISS Pritchard Free Throw 2 of 2,Free Throw,Free Throw 2 of 2,1,0,496
0022500128,707,PT02M05.00S,4,0,,1610612739,,,0,0,0,,0,,,0,v,Cavaliers Rebound,Rebound,Unknown,0,0,497
0022500128,709,PT01M53.00S,4,1610612739,CLE,1628418,Bryant,T. Bryant,13,256,26,Missed,1,,,0,v,MISS Bryant 26' 3PT Jump Shot,Missed Shot,Jump Shot,1,3,498
0022500128,710,PT01M50.00S,4,1610612738,BOS,1630202,Pritchard,P. Pritchard,0,0,0,,0,,,0,h,Pritchard REBOUND (Off:0 Def:3),Rebound,Unknown,1,0,499
0022500128,711,PT01M32.00S,4,1610612738,BOS,1630202,Pritchard,P. Pritchard,42,127,13,Made,1,120,102,222,h,Pritchard 13' Pullup Jump Shot (10 PTS),Made Shot,Pullup Jump shot,1,2,500
0022500128,712,PT01M28.00S,4,1610612738,BOS,1630202,Pritchard,P. Pritchard,0,0,0,,0,,,0,h,Pritchard Personal Take Foul (P2.PN) (P.Fraher),Foul,Personal Take,1,0,501
0022500128,714,PT01M28.00S,4,1610612739,CLE,1641854,Porter Jr.,C. Porter Jr.,0,0,0,,0,120,103,223,v,Porter Jr. Free Throw 1 of 2 (7 PTS),Free Throw,Free Throw 1 of 2,1,0,502
0022500128,715,PT01M28.00S,4,1610612738,BOS,1631169,Minott,J. Minott,0,0,0,,0,,,0,h,SUB: Walsh FOR Minott,Substitution,,0,0,503
0022500128,716,PT01M28.00S,4,1610612738,BOS,1630202,Pritchard,P. Pritchard,0,0,0,,0,,,0,h,SUB: Gonzalez FOR Pritchard,Substitution,,0,0,504
0022500128,717,PT01M28.00S,4,1610612738,BOS,1629674,Queta,N. Queta,0,0,0,,0,,,0,h,SUB: Garza FOR Queta,Substitution,,0,0,505
0022500128,721,PT01M28.00S,4,1610612739,CLE,1641854,Porter Jr.,C. Porter Jr.,0,0,0,,0,,,0,v,MISS Porter Jr. Free Throw 2 of 2,Free Throw,Free Throw 2 of 2,1,0,506
0022500128,722,PT01M26.00S,4,1610612738,BOS,1631248,Scheierman,B. Scheierman,0,0,0,,0,,,0,h,Scheierman REBOUND (Off:1 Def:2),Rebound,Unknown,1,0,507
0022500128,723,PT01M17.00S,4,1610612738,BOS,1630573,Hauser,S. Hauser,97,238,26,Made,1,123,103,226,h,Hauser 26' 3PT Jump Shot (21 PTS) (Scheierman 1 AST),Made Shot,Jump Shot,1,3,508
0022500128,725,PT01M05.00S,4,1610612739,CLE,1642878,Proctor,T. Proctor,-93,196,22,Made,1,123,105,228,v,Proctor 22' Step Back Jump Shot (2 PTS),Made Shot,Step Back Jump shot,1,2,509
0022500128,726,PT00M53.60S,4,1610612738,BOS,1630573,Hauser,S. Hauser,118,232,26,Missed,1,,,0,h,MISS Hauser 26' 3PT Pullup Jump Shot,Missed Shot,Pullup Jump shot,1,3,510
0022500128,727,PT00M50.60S,4,1610612738,BOS,1630568,Garza,L. Garza,0,0,0,,0,,,0,h,Garza REBOUND (Off:5 Def:0),Rebound,Unknown,1,0,511
0022500128,728,PT00M50.30S,4,1610612739,CLE,1642281,Tyson,J. Tyson,0,0,0,,0,,,0,v,Tyson S.FOUL (P6.PN) (P.Fraher),Foul,Shooting,1,0,512
0022500128,730,PT00M50.30S,4,1610612738,BOS,1630568,Garza,L. Garza,0,0,0,,0,124,105,229,h,Garza Free Throw 1 of 2 (9 PTS),Free Throw,Free Throw 1 of 2,1,0,513
0022500128,731,PT00M50.30S,4,1610612739,CLE,1642281,Tyson,J. Tyson,0,0,0,,0,,,0,v,SUB: Nance Jr. FOR Tyson,Substitution,,0,0,514
0022500128,734,PT00M50.30S,4,1610612738,BOS,1630573,Hauser,S. Hauser,0,0,0,,0,,,0,h,SUB: Tillman FOR Hauser,Substitution,,0,0,515
0022500128,733,PT00M50.30S,4,1610612738,BOS,1630568,Garza,L. Garza,0,0,0,,0,125,105,230,h,Garza Free Throw 2 of 2 (10 PTS),Free Throw,Free Throw 2 of 2,1,0,516
0022500128,736,PT00M37.80S,4,1610612739,CLE,1628418,Bryant,T. Bryant,-137,77,16,Missed,1,,,0,v,MISS Bryant 16' Jump Shot,Missed Shot,Jump Shot,1,2,517
0022500128,737,PT00M35.10S,4,1610612738,BOS,1630214,Tillman,X. Tillman,0,0,0,,0,,,0,h,Tillman REBOUND (Off:0 Def:1),Rebound,Unknown,1,0,518
0022500128,738,PT00M12.00S,4,0,,1610612738,,,0,0,0,,0,,,0,h,CELTICS Turnover: Shot Clock (T#10),Turnover,Shot Clock Turnover,1,0,519
0022500128,739,PT00M00.00S,4,0,,0,,,0,0,0,,0,125,105,230,,End of 4th Period (9:34 PM EST),period,end,1,0,520
